id,price
0,2707.208042267659
1,5455.060690701758
2,9391.457608764902
3,3977.775212173848
4,1637.1800365036597
5,6114.800935553975
6,4834.976064220152
7,4141.13643742961
8,5304.217611684662
9,15830.808618407847
10,4428.4593629718875
11,894.7051125341038
12,2996.6175306653745
13,1544.704078218578
14,2387.5258011430133
15,1069.1410605243718
16,1506.783048743188
17,4070.837047704844
18,4067.219382463622
19,828.6023099815163
20,2048.915917475325
21,5524.833522658947
22,4387.660677175993
23,626.8081703997815
24,15488.196549404656
25,1016.2746129029921
26,622.529578174616
27,1030.02247296617
28,1520.6593191726374
29,904.3723545028953
30,10135.435744025
31,609.4716186588281
32,3957.190979133322
33,708.4177382096981
34,641.7064114081601
35,2286.4814860920474
36,6511.282065230556
37,2438.840198817734
38,2738.9344845012306
39,640.2652458786988
40,514.860263295492
41,8705.307667731042
42,897.4948229745557
43,1813.2894909036554
44,10445.535881695001
45,2525.940122437985
46,837.2783455015882
47,907.564781285698
48,1232.2862273924386
49,2911.003351456367
50,645.9071245566457
51,4619.32040966009
52,2896.9004404789885
53,6745.618356218935
54,5647.670942769713
55,2196.589137502432
56,8792.215678904504
57,2422.6725626286207
58,4507.9019832396325
59,2701.4232096299447
60,1168.0098162622098
61,514.037577731109
62,7109.362287778283
63,1054.566512757904
64,8815.561891686626
65,17055.202774957033
66,930.6069056843453
67,10162.037466449028
68,4812.292577793899
69,9467.799693652461
70,452.1180076323855
71,608.216305641216
72,890.245031565551
73,1041.9019267672684
74,5368.17388735772
75,1801.329666379355
76,8649.363974679403
77,14086.346452280726
78,2810.484610723287
79,6641.262363183085
80,10869.959785329953
81,2039.9795788013687
82,13007.306692387674
83,6387.3220143012995
84,811.4994183641165
85,8129.9524364391455
86,1046.6367619886978
87,11568.735935019524
88,7875.638454294007
89,14545.873117966024
90,4820.170692482527
91,1374.7750612703026
92,1006.3961243209633
93,962.8634641679491
94,18000.0
95,512.6352271117283
96,14193.083629103548
97,14764.3497670363
98,12546.7858146459
99,768.0301841368897
100,2338.1041970300494
101,783.2096927631728
102,604.6168203156994
103,457.6858115433628
104,1031.0935214391807
105,1627.8361167389842
106,1224.3648585065055
107,807.0077148641327
108,1047.543092068764
109,630.7649419654218
110,507.70004556827035
111,972.0964960992322
112,1901.180978429538
113,1665.315059220811
114,1382.2110581977831
115,5030.185194470943
116,5131.538751866262
117,15493.244762840564
118,470.13662964121227
119,16656.491025414165
120,1355.7700907927942
121,1615.5103425458228
122,1026.286257458606
123,466.9330133613763
124,710.4953818243405
125,1203.3115048382751
126,1107.957084645015
127,11945.39587270011
128,5413.851305444484
129,5302.0157004948305
130,5876.709506089983
131,3035.381924997571
132,6347.355568544131
133,997.9290477454709
134,3517.56020406293
135,1028.1200083589003
136,699.0496253979748
137,7067.182607385249
138,544.2616945329767
139,4414.532527905063
140,796.9472956503923
141,1071.6574781530207
142,3670.225863615952
143,4794.089192708333
144,728.919375193691
145,6089.454387885359
146,17355.86612611015
147,5143.577594898933
148,2584.854035036036
149,1800.766319025721
150,2372.0885392608066
151,1651.5834327211553
152,10849.733429507274
153,2859.881614161267
154,646.9331434431399
155,14912.224545585977
156,3474.3314792156184
157,2856.249782564678
158,3972.795990793436
159,874.8349733282987
160,7637.5567053239
161,9327.72388396065
162,676.420046219678
163,698.7339278067931
164,5353.29166566305
165,11525.146495744706
166,3201.6802050048864
167,4454.013141615417
168,3372.9670697599686
169,12673.181809846123
170,706.6355224291892
171,1706.407355651572
172,4229.26113063984
173,2001.593195550663
174,5972.76144961319
175,1710.2573393040134
176,4181.565201548911
177,3541.3279674797373
178,2502.3129079574346
179,3269.269186025703
180,3596.418159963798
181,1539.8301787790022
182,920.0984224140954
183,1639.605045787114
184,680.5711585516923
185,4058.186615474694
186,879.0301813557815
187,945.6961849669791
188,563.7939637253817
189,1803.3355511596772
190,2207.92787558298
191,689.8151281540928
192,883.6653980111919
193,6216.289360996195
194,3707.787216839632
195,2471.575978622252
196,601.5773423650112
197,13036.085938740069
198,609.727134180053
199,8817.044456277197
200,10409.324075120869
201,6793.399543431037
202,720.7071928688395
203,695.8604939345452
204,6392.200343510043
205,3510.6563751404033
206,636.4789392175253
207,2938.904995207116
208,918.8423760698545
209,7803.622516775778
210,2714.0986807494514
211,6469.164532862875
212,11239.962361825334
213,395.451066594304
214,1214.916157016285
215,880.1498458254359
216,2443.016583134606
217,2698.9132985056135
218,780.7533075325036
219,1181.057986226772
220,2264.155207945874
221,1973.0978663648414
222,9146.061374545327
223,960.3893898153761
224,1210.9675889896178
225,4289.408354962586
226,3339.7604150941693
227,1975.6894644252986
228,6023.184724827961
229,1838.4151879875399
230,5113.216520312684
231,1422.7947926239383
232,1142.2556170015064
233,1542.5590897351626
234,924.7636978736175
235,8285.981596141626
236,1211.8032368182153
237,1004.619531796344
238,4284.015714935845
239,8127.781538942369
240,5947.847466658719
241,966.0103522720744
242,14980.065556304602
243,4466.044567999797
244,453.01852372159664
245,1038.5362465977603
246,2384.292169258738
247,7152.760698100051
248,11947.793607146885
249,5345.381592627755
250,5484.858568602761
251,1389.7691602714426
252,2645.1009979502746
253,5052.420747626572
254,5356.658942763397
255,1234.899351968435
256,609.141814618028
257,1982.506835715174
258,772.6194224410203
259,14193.083629103548
260,5845.238786411012
261,4793.850228767213
262,1776.3667025752552
263,3729.1340248700694
264,743.5924705151458
265,2001.1016304307127
266,8509.978125728552
267,1731.796256103147
268,953.1341648577858
269,8712.125775841134
270,7657.885411332075
271,703.644616352709
272,4448.314932178456
273,5127.210330291822
274,518.5568018490786
275,881.6496367885227
276,6032.830106766586
277,503.50086216226947
278,6245.315073637506
279,7621.5031952274085
280,1587.3102007476691
281,2596.1009298975537
282,3672.4970890459026
283,9249.137145844228
284,8884.014482556846
285,10579.51506308606
286,5113.133228351426
287,14864.73094303509
288,1705.1697964628877
289,5816.1691314337595
290,398.63819236467236
291,8444.04192554679
292,17372.958365797193
293,890.1890466972909
294,7519.14968452984
295,1711.8692318149472
296,2236.5130453978195
297,650.6236818169187
298,350.96741412166637
299,5448.079381259677
300,1961.8479671402295
301,1203.553113133837
302,3572.9223608166935
303,4787.747977195717
304,5721.922908014247
305,8275.317646446403
306,1064.3585832201707
307,1058.0460884923145
308,1788.305714081788
309,2081.988623250781
310,1711.3808446856406
311,502.79599294065036
312,7539.334395577817
313,5172.139263198166
314,2473.35219414897
315,10963.329074622803
316,612.0937848427302
317,1048.8149632130662
318,923.8644174876426
319,8125.257652280283
320,4842.396217644818
321,482.6728628632246
322,434.29264794361944
323,514.8727285059022
324,946.1950712450458
325,5679.553422884847
326,1647.3546621937326
327,1754.23935781195
328,6692.290047895336
329,687.7350104165458
330,16787.004905448615
331,2306.2015359329885
332,831.7748428823285
333,7909.3169420160775
334,3220.180804905445
335,1738.8472455630113
336,16187.411063815654
337,1038.3634827749374
338,930.879051838767
339,5781.596914001093
340,630.7649419654218
341,1469.1255018195268
342,643.7781892599736
343,4214.355378149998
344,4452.94418964639
345,1695.2316517792576
346,694.1737421255322
347,2609.0096805987273
348,5091.736024225354
349,852.0449932303802
350,3471.6428183472744
351,467.4831348839344
352,2746.447901574592
353,1916.8653461110368
354,621.1510281288498
355,1452.260454977337
356,710.860976294877
357,11213.68549796086
358,1572.2538333828768
359,505.52754694429996
360,1007.9002790130728
361,8353.365251447676
362,546.4275752261049
363,9811.35915690181
364,3412.9387703357734
365,756.6183608578821
366,679.6092849475418
367,4465.356875943793
368,1720.8440911307664
369,615.1309143374887
370,604.2667707996849
371,797.0668415215348
372,5989.581975446428
373,983.8673610310842
374,400.4873904966297
375,820.3993321258847
376,636.8507263199141
377,4292.774350170983
378,2644.051652452431
379,597.4105880267058
380,4844.224807784414
381,499.6907812403658
382,768.2474769362065
383,9141.885946422939
384,1161.9532548156708
385,905.931900919892
386,15665.250506093102
387,11738.75177929646
388,890.1944034295427
389,735.9792222949087
390,2559.237526660749
391,974.3603309486599
392,8462.959424609442
393,554.0536380606491
394,1899.4355198773073
395,4814.359535598267
396,840.4042328594644
397,2252.078625228912
398,1058.6820925011007
399,2328.4474737746364
400,4853.945213039393
401,607.0769085289052
402,2520.8006625056205
403,9840.03862975347
404,1208.5288186570092
405,1111.945180713558
406,493.175397237821
407,18000.0
408,2140.279712270959
409,6006.589286067109
410,885.214325117023
411,708.5251363869689
412,4540.767761951764
413,1410.9568244631976
414,7154.171430514121
415,897.0380140281898
416,1383.4558466154833
417,8246.988477869152
418,366.51820127144845
419,4894.402080523658
420,13718.638601616312
421,4445.5634984456065
422,4594.453358605081
423,892.7878976532072
424,1166.836175837811
425,410.00515357830704
426,782.1377094759822
427,13940.623860747988
428,1732.5283811912318
429,6866.25858148262
430,3960.239021259771
431,17053.519798129175
432,2108.8431500232987
433,3202.2570636167493
434,527.3555185762225
435,3035.5678695272763
436,2337.074800034378
437,1202.3991827492832
438,6988.764481773943
439,579.2238952616161
440,3177.258778248054
441,1581.1843508232946
442,841.2114438481427
443,626.1716064678594
444,985.3571321241824
445,1093.9539495622646
446,2234.9911597447467
447,5856.802235072287
448,848.8025961959281
449,2318.8396429449876
450,715.3029507944713
451,1131.0727807303347
452,6840.2256987909705
453,6022.692956412576
454,2728.0763207973405
455,4399.0859375
456,983.0168643047496
457,11374.144412973936
458,3884.7768090770332
459,5012.563611775283
460,11405.551415501592
461,521.6162083763984
462,787.0413780207814
463,605.0957804367517
464,875.278896207847
465,4215.572064756555
466,777.0397139050773
467,3998.751739386837
468,4683.153727036275
469,1307.2850694720253
470,2556.5098990636247
471,2302.160328887229
472,2238.070304132561
473,6886.027461497217
474,1419.1610058290778
475,1081.4228535250522
476,16389.622788244906
477,5156.3166418713145
478,2578.7782164904947
479,10457.174466864792
480,811.156677632073
481,5355.567293540365
482,11111.809826482931
483,15297.044550155391
484,1261.3770507952636
485,3521.874807997946
486,11537.480393625556
487,2956.7780284116734
488,2495.966727295533
489,1813.3786413613268
490,554.4514434248532
491,780.6985878848486
492,4486.013985796764
493,8790.767432447108
494,2356.616318994784
495,879.9430361995217
496,2276.3584078256235
497,5182.510470494388
498,1696.753434174226
499,3916.7249453955305
500,9438.304705383267
501,728.5504138181358
502,9049.942348462337
503,1386.1095645720318
504,493.85023031233794
505,4276.286567413034
506,612.2336638069588
507,3574.5905964448034
508,1788.773737019783
509,1030.5395806908962
510,1484.3975259615665
511,632.9765257444299
512,1090.7041907948694
513,3672.0185008615736
514,3221.670921425519
515,13526.463868724612
516,4763.996827271533
517,6737.941050546729
518,1277.8983842308633
519,1911.1474549273735
520,5346.100150464754
521,2096.3597169498576
522,737.3604635568855
523,6268.806399950275
524,8113.680661935016
525,1708.3235339315806
526,1239.3368618879147
527,2211.8203828271116
528,5026.515601416447
529,4537.72399956451
530,2848.4950895785983
531,2208.380424117366
532,2785.782821547031
533,6872.360739087657
534,2607.9137796178616
535,15508.549135465828
536,15744.758277553665
537,4722.652076162367
538,1949.6001030722755
539,1850.4215712537045
540,10314.633045789931
541,10374.672580746412
542,691.9521209288107
543,15995.35126964587
544,564.1801056216775
545,7576.037017607438
546,9677.025066334316
547,1786.4087609237329
548,909.563520219251
549,8363.987767120228
550,546.1818070676959
551,973.9581318257414
552,6672.686554459382
553,1547.0774527558463
554,2415.99746286857
555,14085.724654777192
556,4728.486745220462
557,9456.899949171278
558,1313.0539599647793
559,3017.406356325599
560,803.6252269161424
561,2489.0489739447185
562,697.3466492302613
563,4066.45226274763
564,5406.132848146994
565,2134.8528313166103
566,2534.0728998150103
567,1959.343335948467
568,5277.387121303017
569,1711.3175373503911
570,1370.0662046832829
571,4335.285361616464
572,15908.942617974082
573,14381.368981477563
574,4971.742609972476
575,588.8420192383117
576,4411.603222788438
577,1223.7089988318558
578,706.5026290817852
579,3491.794176869352
580,2279.362955767688
581,881.492748035932
582,923.7582945335137
583,487.84654677453307
584,7656.24710854689
585,1691.104129966574
586,901.6251957052415
587,886.2598655023022
588,2540.6989365256613
589,3686.700759568983
590,1787.259396719447
591,531.2970769869953
592,912.053560174035
593,588.4357162321053
594,8662.330203329222
595,1185.9749515333117
596,14121.63268899911
597,955.8779038986435
598,1201.998195874798
599,3260.447635633207
600,2345.628639616018
601,8439.597493299307
602,2347.9758020064346
603,8813.914190633803
604,526.5919925966131
605,1172.066156063232
606,844.0270620158906
607,5179.5410440411115
608,2218.282926378676
609,578.0685171893409
610,1586.4889600359843
611,873.651082626942
612,3471.8190238474504
613,3108.5763677006926
614,1076.8996097683973
615,448.383546114762
616,680.5711585516923
617,3030.9133209370934
618,17393.716427928073
619,10531.646132682057
620,877.5172241331921
621,718.8933251183558
622,825.1751337816975
623,2263.023756250938
624,4590.769809665764
625,15992.43484368013
626,1181.9155110470285
627,846.3137885744824
628,1760.3222324541819
629,3814.523844042723
630,2276.6989631306183
631,10491.035365452964
632,1151.0330347642264
633,1164.6874494000228
634,4044.18559039116
635,7062.4008728982035
636,4255.991303195951
637,1079.400475990571
638,13676.27581739613
639,4493.193798339501
640,7079.845964059046
641,503.7574053090413
642,761.9599008269369
643,4818.092881626209
644,987.7206327747781
645,786.560045715394
646,1896.926725410612
647,1739.0394729157715
648,5687.127550674165
649,1753.4107944445643
650,3424.9524969876666
651,16015.37851296809
652,1225.3217109507093
653,1747.6150558680388
654,1014.9851941492947
655,16705.94478099638
656,2631.930059713095
657,1131.0285720564762
658,940.7309527290289
659,1013.7095831274055
660,2705.7762738193155
661,1022.9821880003365
662,4227.990012574372
663,599.9130847813265
664,389.8825634177469
665,871.0298150661308
666,5104.351697692208
667,3370.508274806211
668,17512.548489881272
669,14122.581767200703
670,1705.4616049995582
671,14618.506328224335
672,1289.7282934352168
673,3603.0383896136923
674,938.2408136567792
675,6407.303937000932
676,3932.501897854712
677,1589.2922253784852
678,1218.072050298032
679,1129.1226474411942
680,674.4490869867856
681,8698.154909103505
682,1948.7841121017768
683,1323.4703665027557
684,3947.4013260755664
685,682.4080203660972
686,1495.4170558434557
687,2535.7681163202733
688,664.7167152151094
689,15576.50976494497
690,2984.077803498636
691,816.95024353661
692,995.742941331656
693,7947.427269605309
694,5682.942929236817
695,11735.763641338195
696,735.3330564651955
697,3238.9769072208805
698,498.2530070143331
699,1131.5383894759398
700,1059.2426571869184
701,2640.82178735867
702,765.7916372544988
703,2362.5279670368004
704,4122.203051507875
705,741.9062566728669
706,412.38873959590603
707,5292.497468575722
708,886.721207475875
709,657.5209651877908
710,6060.997353815845
711,4546.030120886426
712,680.1515693471357
713,850.6243582787637
714,518.829326804748
715,688.1999160529854
716,1248.9150320952701
717,6085.784978486827
718,15319.788173756808
719,7464.373590077593
720,11776.448541642687
721,4100.071135003123
722,580.5847657116348
723,2210.4611923296343
724,2821.2783914625743
725,4876.256361858407
726,963.8921384519742
727,693.3365683962058
728,1569.5990507876938
729,9493.803658126619
730,12471.755687583873
731,2009.216778597743
732,652.0851311311734
733,4276.131007128839
734,4822.356789407023
735,9764.466416045452
736,6601.699682423924
737,1861.3395203229759
738,593.993353854512
739,4794.332031045082
740,2603.9007368340885
741,5848.62719104731
742,5133.505593878977
743,850.6098217160247
744,9092.538820932354
745,15267.033077703021
746,713.8258517031785
747,1034.7272509306956
748,1634.7247579333339
749,696.5431182602086
750,863.6093289056485
751,1837.924535112069
752,5286.529577656554
753,3683.9803711428412
754,783.1038227554691
755,2579.2102017899206
756,10554.4473403357
757,1825.0984080474668
758,2350.2324762907238
759,13612.204006282154
760,7204.413228972795
761,1095.3060429394222
762,1377.2052541770279
763,1843.6924701592152
764,4551.63969987775
765,1943.5451698296515
766,5461.661466183174
767,4423.245886413542
768,920.3258593694432
769,648.6990889142091
770,5069.315184430598
771,499.4461462751531
772,908.0911008879954
773,481.48836653326526
774,3968.038708272183
775,4584.575600158183
776,1031.4875731987577
777,1202.907532798044
778,6875.4171162521
779,5784.662152096205
780,6805.921844003731
781,5578.605228527032
782,657.7944672464998
783,4541.020979313791
784,706.732291133037
785,1825.2919644005892
786,747.71442669494
787,4468.179206012395
788,1716.374460875644
789,536.999639087078
790,4162.725102795346
791,865.8507938404883
792,4697.987377868884
793,499.9430735553564
794,1347.574921772596
795,5292.689132909109
796,2773.944122554052
797,6597.766476723504
798,14038.113601632193
799,625.569576710694
800,721.6633495054277
801,1503.596931472856
802,735.3330564651955
803,13425.843172623341
804,733.5248110214326
805,1300.3889645943182
806,1652.184791700673
807,1838.4598630828752
808,534.0022407676558
809,580.5842013070836
810,663.545890819475
811,4244.906184806702
812,585.1874691551884
813,1773.0371687937945
814,1047.9048991902182
815,5891.15177991365
816,5432.373037176434
817,5478.24906516697
818,1919.0712805149385
819,554.0438162655622
820,4968.169278643544
821,1593.396467253478
822,3945.239819910811
823,3263.2097416794772
824,658.2669352764674
825,1358.6425828413742
826,777.5369590834406
827,1674.1829870524011
828,5966.332130149302
829,3026.349796149603
830,2458.580318207894
831,4203.15133626657
832,511.4356883718554
833,2318.2094616788936
834,5059.559650379237
835,10623.178048542997
836,508.1503082233832
837,5302.749660934005
838,1596.3461139406436
839,7080.015366991506
840,1204.6271973269886
841,2293.2978455661887
842,632.7162427595983
843,1812.310778116704
844,2990.2763699306965
845,9583.91021957459
846,886.4250883678477
847,1872.218812767454
848,15857.189183167764
849,646.7918259267758
850,1387.290166720299
851,8785.073322939756
852,1048.5818467499757
853,428.8274895519041
854,5542.376318974377
855,2260.934851361976
856,2020.0249899866049
857,1855.8116550176826
858,1186.7879752749163
859,6408.838582665848
860,13147.367433460391
861,1771.4920586723606
862,2191.340534848112
863,775.0606300342813
864,800.8096921785027
865,713.9709336788308
866,2405.331242740498
867,669.8533439020995
868,10235.375530787162
869,2074.8321682859646
870,2342.444183274454
871,952.7204748072905
872,15366.097929411968
873,2127.426942136059
874,729.9636076534223
875,1356.0565740274146
876,1156.9845937753287
877,753.0313209542805
878,1912.0513988324988
879,9681.235318959054
880,2763.371265556985
881,4201.507245617852
882,5680.909100873404
883,706.5970556206369
884,2462.382923157714
885,5647.544668508097
886,783.5310082733926
887,427.88836684996943
888,706.6079956606891
889,1074.2536620355224
890,7180.383242078003
891,659.3857918684377
892,2572.46946285138
893,1043.96494312176
894,4907.147711103545
895,781.0014315602355
896,3609.377009846443
897,1041.445515313106
898,536.3339180669614
899,3415.8065240077426
900,3851.2454756222746
901,839.8521215639857
902,4858.316829315803
903,618.759378257896
904,886.9739702246899
905,1052.147102160584
906,2875.399852135161
907,2053.51365745644
908,3823.1264380865528
909,9263.628326837663
910,5333.026366794572
911,643.5769560877209
912,10298.11881406179
913,7501.238716723795
914,1721.9370360441908
915,10039.883245438974
916,9802.009306651713
917,13750.507979497852
918,7768.932962058087
919,639.8830646188072
920,971.5298117115343
921,3131.8346188861083
922,3829.313264988985
923,492.89885580625497
924,17804.297041697286
925,3916.7478648653237
926,5822.593995370685
927,774.9044065992092
928,3091.2672480876386
929,845.7987334058536
930,3408.575442909785
931,3011.374140696645
932,753.1374188869397
933,3929.916687659525
934,4362.52629907355
935,1011.7442282937516
936,971.0485703539116
937,736.9446186580602
938,3990.1341887830918
939,424.15377699883175
940,6833.324308810464
941,3611.3246853795677
942,1362.6209729837456
943,597.7880256544332
944,593.9712618725912
945,3899.78653223553
946,890.1890466972909
947,915.116432773521
948,9707.434046526456
949,8266.932405530992
950,604.6217887181307
951,446.2629193259731
952,2609.0356860510897
953,577.4461173085778
954,752.0464379480142
955,6250.576474622722
956,4447.611300642406
957,8797.061065098831
958,2234.508092105695
959,909.1388094755154
960,1732.5479557125009
961,7417.78955132021
962,721.5873611495427
963,2267.2218846244095
964,1266.5710978375832
965,9118.585751341347
966,3080.2949513148696
967,4431.748971988505
968,6979.412146634329
969,4864.708200935996
970,11398.15786837307
971,2800.5225055896803
972,14668.860930556839
973,959.6998803648535
974,4454.725773060803
975,882.9170664638972
976,1469.4078488460618
977,4750.465541639139
978,1715.591366496238
979,2072.5282129106804
980,7066.2171509771115
981,500.3745562690849
982,1859.5663268315159
983,1715.6372075627935
984,3036.531841399167
985,16837.610917955622
986,2583.3344490460854
987,1203.8573812985605
988,1610.3882197541977
989,2156.843326424452
990,2295.7782457886037
991,2318.3611915001816
992,2409.6682958986025
993,713.7994506638794
994,4109.656894606454
995,1054.0314765480402
996,624.801561883627
997,851.93714595393
998,777.6872223321213
999,904.5010383662916
1000,4622.058226743221
1001,9879.921421253535
1002,1098.7980149802538
1003,1686.3103734822305
1004,2979.1854898071297
1005,592.5458860092123
1006,1254.5923489636218
1007,4038.9602370750385
1008,582.4057539451202
1009,2658.6996636094964
1010,6284.066343514629
1011,931.2149511058444
1012,482.00003948757177
1013,6120.771423237563
1014,7092.0199522848825
1015,632.9765257444299
1016,7295.4054562135725
1017,834.1050185413346
1018,4137.407928961479
1019,4923.175689391289
1020,9797.710278113247
1021,2123.3441377008317
1022,1181.1472590899443
1023,1196.6608830568505
1024,848.5512079251994
1025,17633.874142430013
1026,849.7545906870039
1027,3421.425690955744
1028,898.1280601381955
1029,1623.9925760488936
1030,576.6614552760205
1031,660.618761148372
1032,4873.179169241813
1033,3844.9818128032794
1034,480.0911340550126
1035,1731.9424818120929
1036,677.8367043934926
1037,6729.634976046139
1038,523.0030581387888
1039,10091.946714850723
1040,8228.060767741677
1041,998.2920479219547
1042,10194.837774566558
1043,4085.4925974604716
1044,15707.528347865073
1045,597.2353573754605
1046,5547.102637285087
1047,706.7782115879024
1048,694.1737421255322
1049,1325.5156706571072
1050,5799.753130074082
1051,4021.522245777935
1052,3636.978618410707
1053,10285.970019445394
1054,11197.055907701257
1055,4275.368326140423
1056,15979.92783154883
1057,4810.5731529428695
1058,1710.8840098347432
1059,9456.2119140625
1060,1959.134648555534
1061,1626.6047183982048
1062,6106.443470076056
1063,5031.432821089338
1064,1062.5666453290285
1065,10824.97708876371
1066,6968.743269552856
1067,687.3309382157759
1068,625.2067999105085
1069,12115.925959127957
1070,758.1008670250392
1071,7041.260916518806
1072,1178.1740971198028
1073,1452.951674629792
1074,5533.938574621284
1075,1212.4379126793315
1076,456.1723448241669
1077,12278.383267229758
1078,939.9692858703892
1079,1642.0585883418094
1080,1683.0931418248865
1081,4834.341476467484
1082,13547.354731282601
1083,6024.671121551887
1084,702.6954725346442
1085,892.3679805106914
1086,13422.282192532228
1087,3572.1178784588037
1088,810.8605973272605
1089,14981.089058578058
1090,7725.094733840235
1091,6875.13304269273
1092,4113.972429826618
1093,458.82672501803194
1094,4615.870297879983
1095,13295.091115661444
1096,515.6584214550375
1097,5172.4374207174
1098,552.9071681326467
1099,2742.2544106873265
1100,935.7047005294551
1101,420.6918610067407
1102,909.3412461927538
1103,13532.433374859904
1104,1133.8750236649962
1105,607.7026966700715
1106,896.2961204743925
1107,2415.929256586289
1108,1735.8925675050266
1109,3008.2903664020046
1110,1694.906313224172
1111,14295.915205984973
1112,1916.8865122208933
1113,1996.9667723902342
1114,11794.75380230989
1115,492.8467294340868
1116,2359.665724585196
1117,5917.089681002619
1118,2570.0761677779055
1119,1802.2384409213003
1120,4546.6714771355355
1121,3434.737665991177
1122,1142.9318739983496
1123,1734.922264936647
1124,736.3042348089164
1125,678.4742027578967
1126,4130.766149552538
1127,1029.696324998394
1128,884.0552509547081
1129,16546.188863483774
1130,4529.267582913896
1131,4725.781380607389
1132,8188.019382844385
1133,2349.8929168327154
1134,547.7606487641232
1135,543.9966614550395
1136,528.5691606689159
1137,807.9074852374727
1138,608.9525602296314
1139,1067.7235153152458
1140,827.9201448944139
1141,992.266726409139
1142,1391.4393561167642
1143,4657.628307766219
1144,588.4556348038599
1145,2629.3486328125
1146,1805.4221732409947
1147,5258.042118933184
1148,8142.385823588098
1149,16162.006991516
1150,700.7254473730549
1151,5435.259994168168
1152,7000.437750201053
1153,3854.3946263940275
1154,718.6723161299061
1155,8982.661051455398
1156,2798.279597575977
1157,2869.7406806311806
1158,608.3266354213239
1159,5577.867840900858
1160,8170.987142751815
1161,5080.952407042873
1162,817.359787623743
1163,16772.29143340121
1164,670.2017513539757
1165,457.40341718424247
1166,7458.410545771842
1167,1070.562052349602
1168,513.9051277677778
1169,1811.0180620714498
1170,900.2650338938207
1171,5972.891502210023
1172,759.8866437263101
1173,849.2663544298154
1174,3485.2288873798425
1175,1300.426831575644
1176,12620.454324166652
1177,589.49347888942
1178,942.5711192155102
1179,3711.362681031774
1180,1174.1279529412873
1181,4269.315706763265
1182,3012.7881067751227
1183,688.7350915535559
1184,5654.766453407671
1185,846.2895099274144
1186,668.3971100924233
1187,701.191639357434
1188,694.1707203437213
1189,2186.6531311428116
1190,16045.903942720697
1191,505.46862890778675
1192,2146.9840741065277
1193,7363.272278086156
1194,5122.740907879838
1195,2461.9454452814834
1196,1314.7614024502418
1197,16170.485363696434
1198,1083.846507313563
1199,13432.105923706173
1200,1038.6498342579541
1201,5680.7900283702475
1202,2617.314846029573
1203,4873.6147470996075
1204,950.0797403339133
1205,4841.234784846411
1206,12174.343674759328
1207,8741.942672039804
1208,2597.505279305218
1209,14863.321966334246
1210,10649.336437903303
1211,4887.059781363843
1212,719.0337363561315
1213,723.5004471815078
1214,7249.004276154429
1215,6928.956252979538
1216,2492.0181086716684
1217,1591.6368264444236
1218,1384.1702474151066
1219,6061.422490209018
1220,7951.644878043873
1221,436.43765271636073
1222,12647.244347250717
1223,824.0181082415795
1224,9457.969744698261
1225,3937.424932738039
1226,558.4650482813845
1227,3855.615289881514
1228,851.2533339508257
1229,619.2388387028279
1230,663.545890819475
1231,3803.2097559409776
1232,849.2451335313094
1233,2602.1442186347804
1234,3329.5408175883936
1235,3903.051568051135
1236,2608.098301532102
1237,3075.79611034179
1238,9264.02941060693
1239,9047.517331978272
1240,1602.3406487613179
1241,423.70821710454317
1242,5144.1428048136695
1243,665.7687166482475
1244,5739.46490148463
1245,5445.913555916205
1246,2149.608503011471
1247,4034.3747134952887
1248,3120.105813850817
1249,465.8699794808544
1250,8130.0844511984715
1251,10847.878015540118
1252,432.0726876067126
1253,663.2662971466568
1254,2203.4969794906565
1255,7781.210647522893
1256,1644.447671801145
1257,841.3789054466564
1258,9282.438215309987
1259,639.3972736552506
1260,5335.988894018335
1261,768.2205551541933
1262,967.1066453934834
1263,2772.6929441782727
1264,1281.995824448041
1265,1668.9229444246453
1266,1162.9708907729298
1267,8158.194248562796
1268,578.9424401284667
1269,6056.084492346235
1270,885.0355060673465
1271,4079.61234544294
1272,1312.9402542036894
1273,802.2566842336092
1274,707.4140259839562
1275,1036.2729583359842
1276,3229.79899491155
1277,3776.9844758261333
1278,699.3735157805181
1279,942.9523290660989
1280,1432.4340569298804
1281,1760.6217493889671
1282,11763.33858722986
1283,8337.117730234708
1284,4280.524726587426
1285,2439.5286626861985
1286,2991.7922102261255
1287,7032.900039449642
1288,3431.8093560432553
1289,647.102832512839
1290,2767.640810797446
1291,4043.1636003673025
1292,997.1379161529984
1293,2134.043806022477
1294,704.2221421425412
1295,6835.542499341548
1296,1230.2899958168464
1297,1981.6450107463088
1298,1687.428417754977
1299,4258.601662405765
1300,7454.926883406176
1301,530.4615100142461
1302,7002.922759241258
1303,5017.473880834188
1304,576.7652756556978
1305,800.2676919179052
1306,1742.0159158386073
1307,1673.1527778897369
1308,1811.5954818656207
1309,8373.69209210568
1310,4138.152814871749
1311,2396.1814926793754
1312,7202.587058996775
1313,1898.4693880457457
1314,779.9615140372489
1315,3113.2236730246536
1316,3411.274922805063
1317,580.3574869716996
1318,900.9312294799626
1319,1982.6830826854014
1320,1185.8422507099876
1321,7451.0203546543125
1322,2817.7942170856654
1323,15737.511738152218
1324,840.425844948822
1325,522.9838735405691
1326,1018.3830808037231
1327,3674.940779688448
1328,3033.270800694919
1329,4531.212535571708
1330,645.8118058586435
1331,1439.1067041587705
1332,755.4253700085113
1333,3001.780335962116
1334,2776.9074011729062
1335,4740.573434583976
1336,3866.3157203145684
1337,810.5011504434782
1338,3153.531508116621
1339,694.4115869638298
1340,5408.125520612277
1341,4720.481907659423
1342,14647.800938384074
1343,816.3942491730053
1344,2276.336687268819
1345,5017.647814245869
1346,3070.2627641568392
1347,889.9619291462668
1348,751.6837510258719
1349,698.9662338341473
1350,795.9319448320987
1351,457.9530999041615
1352,2397.743337534423
1353,1242.5353579308237
1354,6395.543421628563
1355,13932.478885083563
1356,929.7607248462173
1357,995.7742566820431
1358,1271.464511476772
1359,583.7744371247936
1360,4869.218451263617
1361,1394.663406021472
1362,614.7521688742323
1363,4534.607921768116
1364,11707.268734362047
1365,4387.9328446296795
1366,13630.071290195077
1367,645.214336730556
1368,3888.09038854627
1369,517.4419329668366
1370,1130.9548324744298
1371,985.0402978052282
1372,1938.0603863409447
1373,15822.237465179129
1374,1030.1940620935877
1375,3383.5795559660423
1376,9073.287545345847
1377,688.5587097913257
1378,12260.35387939397
1379,2525.2597950052523
1380,1019.1671780236597
1381,4347.9873046875
1382,847.5494491433974
1383,5808.615018462097
1384,2047.0665957181866
1385,881.9367847271697
1386,916.9584657641465
1387,4602.6937148635225
1388,16999.238867188742
1389,7085.774352886386
1390,6075.33946738774
1391,3121.3645886047984
1392,1713.1766797974144
1393,939.674770704598
1394,10378.88990958225
1395,4698.147246771065
1396,374.8947319524593
1397,1806.8969720184773
1398,615.6819605926909
1399,2913.795859521786
1400,12988.509536339512
1401,17065.767216469136
1402,7248.1097572155995
1403,6561.102337420682
1404,7677.796083151963
1405,558.0117247204599
1406,962.7632141396867
1407,5088.940229302416
1408,614.0138602658837
1409,3190.748724719691
1410,2383.927999941594
1411,517.0998067193112
1412,924.0565274548518
1413,673.6221739829566
1414,6393.799762092322
1415,1837.289241157613
1416,1568.4864724866682
1417,2915.2796752890818
1418,1085.1081779799918
1419,11060.233397282307
1420,6990.899837978263
1421,1343.048802393116
1422,4586.3183027861105
1423,8031.186372749205
1424,568.340601163025
1425,1259.7495085055837
1426,6993.731018015244
1427,1087.016109353594
1428,552.266227493196
1429,1654.8732637550424
1430,4415.534523418362
1431,3962.6225820297705
1432,5677.669708502525
1433,4416.0035573255855
1434,10826.968608508856
1435,3948.298096161108
1436,5087.495742823489
1437,3939.884765709526
1438,871.3045042841462
1439,899.1795674387783
1440,944.869641180877
1441,917.3808684279301
1442,964.4172802521038
1443,4484.884521568988
1444,5020.167794386121
1445,943.416784673167
1446,2811.4676486071967
1447,13829.488394844093
1448,1048.4294972978246
1449,1778.0431178761899
1450,825.1238436239425
1451,14707.646092627321
1452,5062.96107230036
1453,13052.7980677402
1454,740.1719264737775
1455,910.8348741422341
1456,13595.875985994056
1457,3209.0325190559224
1458,4358.589795299511
1459,916.5468223313304
1460,1601.1830035744636
1461,2552.3815115925286
1462,917.2279470279739
1463,1076.1218276416841
1464,8610.26684128348
1465,2530.095522807102
1466,8713.878883966267
1467,1014.9967817111587
1468,2364.1066690159532
1469,1628.9791643279646
1470,3204.219614555982
1471,777.5277353106821
1472,2522.4428710080574
1473,3495.0097873151517
1474,670.6043606859541
1475,900.2261517741554
1476,3564.447612228126
1477,4204.843893173927
1478,613.4121889497602
1479,2401.1880516878837
1480,2498.986724415768
1481,2712.7829385742916
1482,497.25086629136285
1483,3529.183600168806
1484,3978.2153137623554
1485,1640.5280722702448
1486,10524.783672673819
1487,1009.9997598746957
1488,2104.3331107984714
1489,1661.1011330189451
1490,1063.4614980868857
1491,1634.479479442143
1492,2274.079901362523
1493,686.913399145209
1494,491.92196024893207
1495,641.7465134330364
1496,4897.964242296566
1497,6143.15364601446
1498,642.9184295908585
1499,1009.9251999719505
1500,12564.204920395085
1501,4798.534945560858
1502,13930.059375042576
1503,5597.698149227191
1504,505.9906425811466
1505,6810.940631176132
1506,1052.8866164696615
1507,865.9768186669176
1508,4457.883478167367
1509,2007.5549179816246
1510,1731.2751769860422
1511,5339.0275799500205
1512,4373.2996469126065
1513,3067.775313051364
1514,413.86348236029085
1515,13041.142085033996
1516,9831.826074930526
1517,2372.869149944527
1518,1330.0660382685833
1519,736.3042348089164
1520,3521.0655708156337
1521,1650.7133657210277
1522,7317.445932056675
1523,4407.257992856812
1524,4335.841119072668
1525,1090.053105030206
1526,5537.173253385327
1527,8854.82339448717
1528,4695.9843642754895
1529,706.5695288521367
1530,1045.340422894513
1531,1396.5651071302782
1532,16560.711097491698
1533,532.6267136917658
1534,649.847744772252
1535,8785.541668775466
1536,3787.1242845195598
1537,2092.9087712759133
1538,1560.521747658077
1539,1272.93981478326
1540,7369.337634241041
1541,2599.439737229943
1542,2038.4434496671165
1543,752.2683743593709
1544,9815.065022786457
1545,874.2247604056627
1546,6926.725818181988
1547,563.6288278646085
1548,2872.449350664295
1549,1238.234318904972
1550,4841.115635215787
1551,3323.414206987893
1552,7161.70804366465
1553,1210.216083041302
1554,4027.3997723115344
1555,2063.313387147414
1556,13973.295761687545
1557,545.939016632083
1558,4104.440060948674
1559,2418.245100693051
1560,1005.5590688666122
1561,3142.258187606646
1562,16342.199342054337
1563,3828.710555881343
1564,4438.1446907718255
1565,1238.2738063843394
1566,4178.724123478467
1567,12652.491790989054
1568,5140.740527420737
1569,5041.342447454221
1570,1108.8133073437539
1571,2348.3382157193537
1572,4196.627571784646
1573,16970.94711303416
1574,5143.263155531469
1575,2353.433905936897
1576,904.0725304341767
1577,9693.425869398368
1578,1627.8361167389842
1579,12344.900959291826
1580,988.8372047051681
1581,685.2909172686201
1582,4524.399805884263
1583,3240.5029365196956
1584,1280.3551117372967
1585,15056.020686289283
1586,5483.933875112039
1587,2649.0500656842905
1588,1868.586775374534
1589,5206.973853993357
1590,681.7446175843626
1591,853.9974605649395
1592,5731.833291345945
1593,9019.434611002605
1594,2299.251117944057
1595,7757.833018889873
1596,3750.3836919030487
1597,3992.422732951735
1598,1016.5070844294179
1599,712.3149646447656
1600,5504.494140625
1601,503.82569729996976
1602,2150.8495756685957
1603,6539.75378945934
1604,1840.0977355632936
1605,3899.146990001511
1606,622.5570199861736
1607,6316.883076777674
1608,901.9738448849413
1609,8759.810061736953
1610,1106.6517325290813
1611,435.55512067416623
1612,11537.08006753297
1613,2226.9111515290665
1614,584.5819140314995
1615,856.9203994378311
1616,1723.3729724410923
1617,11953.449960898693
1618,1984.3726914272993
1619,6301.915526398372
1620,6478.613960758124
1621,17206.03759471255
1622,4858.054393249858
1623,5151.406832405844
1624,2377.1360492237955
1625,3913.281221359029
1626,5182.1136962891
1627,7285.486441712034
1628,712.4292169079475
1629,8807.071803776136
1630,1060.9394895496168
1631,7873.221829632157
1632,10939.164796943727
1633,6424.389315736229
1634,716.1816433174865
1635,1002.1682809189624
1636,5345.381315062331
1637,6998.653256382965
1638,1863.4790687184752
1639,966.992592905735
1640,1168.3429303954015
1641,1746.7763352879588
1642,15837.260292455323
1643,939.3991963112096
1644,1570.9108013272792
1645,818.3511678447578
1646,1992.4529895670642
1647,2860.5507711523705
1648,878.5395118315392
1649,2425.1940097892852
1650,16602.355956633957
1651,413.7851724183539
1652,5022.594123325898
1653,771.7962019906957
1654,4390.632630003193
1655,13319.437066630033
1656,630.7649419654218
1657,5306.117016842749
1658,641.0836630561129
1659,1753.2680615680306
1660,17003.12376466873
1661,6975.9780157782725
1662,3532.8040371311877
1663,4298.026456751855
1664,10654.537555327212
1665,9230.870595434684
1666,9562.70665792886
1667,3561.024577191947
1668,3737.4713328671555
1669,3614.878047308398
1670,924.4657590783391
1671,623.089549098809
1672,941.1021664098266
1673,1660.4341235722006
1674,1773.2948469293872
1675,596.8928462688874
1676,6815.1540238868265
1677,3958.547441655841
1678,448.89323644061227
1679,10901.093612087134
1680,1780.3166520614977
1681,6886.195605881216
1682,10831.346721653488
1683,712.6704304008856
1684,3427.7518161130347
1685,679.1018856451711
1686,1169.7338312422225
1687,1072.6398723537109
1688,3123.9435496353603
1689,11775.510908080401
1690,753.623757085558
1691,10933.051841628112
1692,2622.9782211701086
1693,458.0066395763106
1694,664.5696787332963
1695,16999.277281833798
1696,2327.615149963152
1697,2441.5099069113485
1698,563.865161243243
1699,1627.9865969514467
1700,1007.6742391957267
1701,512.7326648070808
1702,2182.69283122652
1703,8768.361288839962
1704,668.8830376244338
1705,917.3832731059329
1706,8209.498706406204
1707,15170.166603404086
1708,6767.705387720897
1709,6802.521160984626
1710,712.1275809245886
1711,706.6563980791648
1712,5657.196786465188
1713,1184.679885812242
1714,666.4447205452202
1715,3592.519467580096
1716,1686.4000479151343
1717,2705.8122870819157
1718,3776.647080705497
1719,917.4211319612155
1720,541.8185807671964
1721,7538.582451377998
1722,3660.97298168667
1723,4662.822994081043
1724,7899.690538657264
1725,778.7802891003507
1726,14847.739729321049
1727,1122.2876417436014
1728,4809.645194167652
1729,3469.3124089111398
1730,2440.962144538612
1731,5449.637767709233
1732,4891.057440393842
1733,6188.947675005701
1734,11940.372778676796
1735,601.4451486674169
1736,2551.0544295020263
1737,8529.181243217135
1738,15104.825297301595
1739,4424.431694633872
1740,508.2373046875
1741,1704.6497943495842
1742,638.2989258013248
1743,1064.275425572002
1744,7953.291275715847
1745,1196.107421875
1746,1653.891588402529
1747,13420.201935990155
1748,6758.503310140836
1749,5685.757144067543
1750,1376.0434330327012
1751,1651.2849908259955
1752,2882.378584971479
1753,6403.664766634491
1754,2426.495138848498
1755,5142.574702875861
1756,3845.2572762759683
1757,658.7634580517602
1758,2833.568087368815
1759,1736.994236273167
1760,6543.682615076994
1761,6354.242572428569
1762,432.2050476253138
1763,938.8473189940543
1764,820.3603642551744
1765,2673.248003436747
1766,11245.410945447331
1767,15512.31668856715
1768,2120.628089896201
1769,665.6977834921122
1770,768.0015948498248
1771,2595.047845456045
1772,9248.43513359058
1773,5324.173990126148
1774,8538.882642454815
1775,1060.234852467841
1776,984.5271735204765
1777,641.217362826062
1778,11152.982333772321
1779,1791.662654112868
1780,8785.168433945963
1781,3023.6009217858773
1782,5430.2318031210025
1783,552.266227493196
1784,6833.446504998145
1785,14404.751148147714
1786,1541.1633217063106
1787,2654.9862548958295
1788,6715.768247632051
1789,1359.1261013307762
1790,4604.272451282296
1791,1935.355493912011
1792,1890.1772358252713
1793,1100.8146605670015
1794,426.27890632031347
1795,16279.069092788743
1796,5611.922455435015
1797,543.8615900330626
1798,12437.797683312225
1799,828.8219171425386
1800,3209.966485277555
1801,4316.711635743239
1802,5159.683505866725
1803,6753.768262068608
1804,724.4734462993129
1805,925.0463546229565
1806,5329.472193953264
1807,747.8316069301692
1808,1153.713109946766
1809,5694.2872748274585
1810,2384.1470764717888
1811,1524.1254162086825
1812,717.7748274507647
1813,736.3042348089164
1814,3931.987164398042
1815,1659.5608071769734
1816,2634.992402217835
1817,678.6246472626457
1818,4303.79618791959
1819,3028.2582502686532
1820,16504.31661081146
1821,9089.973775966551
1822,712.2036177589217
1823,4896.146758299254
1824,1114.5019132485095
1825,5208.254222587632
1826,1668.8904207007406
1827,832.8138423753018
1828,1001.9591638479517
1829,16874.299436362264
1830,7460.992964303382
1831,1944.2866125937746
1832,522.0402037373851
1833,4064.7541689359523
1834,14293.251457285329
1835,6706.913083611016
1836,4408.085222238665
1837,613.5622705726958
1838,4347.849167716265
1839,6297.244990984628
1840,776.7699773378416
1841,5340.297048454803
1842,902.2425185471066
1843,4193.087778021019
1844,5309.654437600049
1845,2640.3439838728827
1846,1318.5647103332878
1847,14797.3680635049
1848,4416.142431337319
1849,795.3895658517422
1850,12729.736767108407
1851,1750.7958360389337
1852,4271.391015753459
1853,864.9443523784092
1854,1492.0238223185672
1855,1042.8707998972297
1856,9876.880372599933
1857,989.3342445566527
1858,881.492748035932
1859,5132.482674403952
1860,1600.217470077837
1861,1765.3454366465328
1862,2010.8206385860651
1863,4716.1273302302625
1864,1801.1580892202546
1865,4874.327014657942
1866,905.8032314215816
1867,4224.84018967407
1868,4777.986236107512
1869,1891.3321848783912
1870,1435.8904696016414
1871,3199.273024454037
1872,2015.314356118843
1873,615.9151656325624
1874,542.0777109022473
1875,6545.9531581166375
1876,5735.265019237258
1877,2119.7962505903797
1878,604.1322405396215
1879,717.2205717727132
1880,6662.377592486554
1881,4129.51382502378
1882,13478.953464398204
1883,4542.27350054842
1884,5020.977666757008
1885,1336.8562161376349
1886,3700.992610650587
1887,4514.594737712228
1888,2288.256132073374
1889,2367.4900811056714
1890,1095.3950372751372
1891,1844.7361383327952
1892,1796.8085179396455
1893,7387.452138594551
1894,5015.286513579684
1895,7153.815660177683
1896,10192.48437955419
1897,1640.5917918663251
1898,10977.42787234071
1899,720.3304354119405
1900,5203.052304653527
1901,1339.6238072864917
1902,1193.295010486529
1903,4334.399758233011
1904,4430.739462320051
1905,5182.879486855771
1906,618.0339746542044
1907,6419.206398130007
1908,543.7769417175593
1909,10234.559602633755
1910,5117.341830453429
1911,11505.177292255425
1912,6590.682273948379
1913,2895.4855930915865
1914,1508.2254004309257
1915,1653.2778563509953
1916,601.6125771485355
1917,4787.083154073956
1918,10821.964424320993
1919,7160.608111358366
1920,4446.665738122749
1921,5400.5508600059675
1922,4918.220125662057
1923,3323.0958373599206
1924,1056.6251692860328
1925,5524.275437045956
1926,1920.3357660945314
1927,6837.086572218218
1928,1659.056972707516
1929,14266.668911887102
1930,7886.470673811621
1931,9803.387773988743
1932,866.1616427298023
1933,10339.365816411955
1934,8464.206282147625
1935,9887.055449366173
1936,1491.169633223076
1937,3216.0361388238757
1938,884.4281728550443
1939,3409.8172145856133
1940,2331.273585758431
1941,10267.977117156168
1942,12840.564020886572
1943,7270.187750321526
1944,15652.199764422223
1945,1631.956378939987
1946,5180.087827920167
1947,3148.8665484437033
1948,451.85968740252093
1949,3515.9778430105594
1950,1103.7749632601506
1951,5136.435224667453
1952,714.223831568115
1953,10795.674581790032
1954,6593.867215322593
1955,680.4819052130947
1956,934.9995492107328
1957,2314.0610108620967
1958,2843.354060054724
1959,1436.7889988859122
1960,6084.609779352631
1961,6676.798332510303
1962,11076.697741081927
1963,564.1564389498521
1964,566.6472169228325
1965,1187.4370214637568
1966,2090.0549049716665
1967,779.6204314512208
1968,412.05455201227136
1969,1240.9055013467207
1970,3462.227987330393
1971,1999.097928223808
1972,1735.3113343569264
1973,5163.351911435824
1974,705.7624884676458
1975,4131.576460255717
1976,1319.1981528764416
1977,7817.020005569577
1978,511.38743156525226
1979,11381.316240710677
1980,1998.824370158546
1981,11996.842546376292
1982,2138.7959814704623
1983,475.5884538558119
1984,3488.382714363571
1985,6493.853287082422
1986,6233.380106160719
1987,513.2816292818437
1988,1887.82938552794
1989,3194.218315163612
1990,858.288876332029
1991,4581.529687579774
1992,594.4393223614254
1993,698.497664369259
1994,777.0458107547132
1995,3432.900133035001
1996,3505.1455087250692
1997,3012.2860995539095
1998,6511.120002828599
1999,1330.4586956618843
2000,855.4999499506465
2001,723.5111774859735
2002,661.0255564493783
2003,707.6402944293164
2004,532.2426196593462
2005,5008.637237439673
2006,4944.727874561712
2007,557.6168632502189
2008,5067.688716528849
2009,1333.248805810394
2010,409.8951959246009
2011,5036.651727030435
2012,888.8285416298091
2013,3909.752598347719
2014,16681.746300840274
2015,550.5503175546047
2016,3978.289567264799
2017,4017.8097237246525
2018,552.266227493196
2019,4756.908834388393
2020,739.7145545929832
2021,4100.266052769681
2022,15421.369074474675
2023,8763.032501381631
2024,4796.890072264505
2025,805.3809479619952
2026,951.2545762019078
2027,2138.359159984384
2028,11253.360965267775
2029,2325.2121974043293
2030,839.8936656100947
2031,5454.893296222582
2032,6694.476242458015
2033,7734.172515085735
2034,7986.210012263831
2035,9196.303674558956
2036,17260.45520807993
2037,705.7186553233237
2038,2369.8443376633195
2039,2650.7711306611163
2040,1033.3766321377873
2041,1236.0985694285957
2042,8555.926280400472
2043,4835.985004582862
2044,727.3246045268656
2045,12560.563129600478
2046,611.767831414732
2047,17442.668261521136
2048,5544.629947607704
2049,4893.470027292995
2050,1638.604355732407
2051,5385.2598093584575
2052,715.4030160411369
2053,3629.6645161513575
2054,4335.31747766339
2055,849.0116335855141
2056,512.1376871615204
2057,2533.6923832196467
2058,13307.214662103177
2059,699.328865791462
2060,1322.4238071503264
2061,4596.623783590324
2062,12735.810754600188
2063,3094.6794468173975
2064,7999.724623438132
2065,477.7613104372746
2066,9001.268562925015
2067,1011.5300026765206
2068,4556.313128661961
2069,1272.2136610701539
2070,1114.8803391779018
2071,1870.794747859139
2072,7195.99520208628
2073,8867.518289152475
2074,807.892109223928
2075,3769.4239468814176
2076,7286.450498122076
2077,1518.36556326463
2078,4064.206948681671
2079,959.2031785839687
2080,6509.4237547912035
2081,522.9296875
2082,8448.090377575603
2083,1290.5122748711512
2084,2393.2224634065105
2085,3564.7122048204137
2086,2013.590728943222
2087,2358.9870577911224
2088,676.3945551493108
2089,983.1177294129935
2090,1183.69374275849
2091,3225.3571207527643
2092,6984.600224830232
2093,588.8554259381692
2094,5703.217876728331
2095,5436.811464695963
2096,1104.607358319508
2097,6903.095656266316
2098,6490.838674313055
2099,614.7316425984902
2100,678.4264058113381
2101,11861.329854783908
2102,4898.903950356073
2103,765.8382485799299
2104,5030.185194470943
2105,1169.1387058785365
2106,2297.9354795088097
2107,2052.5627570854595
2108,14685.142708082041
2109,1078.0489592555866
2110,15693.272713437973
2111,2407.528797413534
2112,559.8128220546306
2113,1356.2359620981356
2114,9179.528472378513
2115,1321.6733420367489
2116,5010.4284929818905
2117,2566.5760245834836
2118,6024.473245552033
2119,2433.8333352007144
2120,5329.659273413817
2121,1509.708384509484
2122,614.0876942456002
2123,560.678682902929
2124,6475.355226890989
2125,664.5161970971408
2126,889.3600781269643
2127,7648.604239721614
2128,1125.7472889424796
2129,2444.767718586488
2130,710.860976294877
2131,5165.335913631676
2132,817.5975081596374
2133,1025.512713919078
2134,1903.204956510158
2135,4273.315612558731
2136,964.7190706951936
2137,2198.0998755027176
2138,2441.886786578011
2139,1219.7260925733679
2140,12906.84962029647
2141,1752.75608438083
2142,7027.268703878438
2143,1136.690834673305
2144,1422.8843012543798
2145,1188.8326843349791
2146,4138.585780601615
2147,1795.182265340299
2148,668.1370420010146
2149,765.176534828121
2150,3075.3414359407147
2151,1347.0820027654163
2152,582.6393127758076
2153,2713.590173951779
2154,553.781038306121
2155,663.545890819475
2156,560.5041808889644
2157,12877.53777606123
2158,7731.730638686022
2159,1341.6557854496734
2160,881.492748035932
2161,5429.1042139128
2162,3825.49116285189
2163,4558.199614594635
2164,4204.694668493221
2165,9428.199685459374
2166,6600.456477013647
2167,5113.501908619742
2168,516.6000848578605
2169,6001.371359786253
2170,927.5339394133883
2171,6576.788391858646
2172,4678.085252709937
2173,2885.424818276458
2174,6679.461887371049
2175,9333.059982283496
2176,1712.0618920346897
2177,7403.253097259264
2178,566.0354998369936
2179,1098.0752137591207
2180,2987.741805448899
2181,12527.646344866072
2182,1118.0149115427434
2183,1508.3199099541287
2184,588.9604710691417
2185,2992.3213569275504
2186,1431.1517376156842
2187,687.504499668919
2188,7714.158468267703
2189,467.16532213085816
2190,3865.6860801399657
2191,10504.111669069414
2192,1277.6215370471214
2193,4047.831782348119
2194,2466.668035145837
2195,622.5764022474897
2196,4627.556651565512
2197,573.2594952408249
2198,888.7657031742932
2199,8733.8626822759
2200,2026.7969027551471
2201,1192.272070440145
2202,355.93342589518375
2203,4930.544235244885
2204,748.9732247165392
2205,1716.0010677408757
2206,470.0416803329011
2207,4000.257555791382
2208,744.7329437187337
2209,2995.588885823752
2210,4458.715891422087
2211,1560.8627319617538
2212,2333.5231740014256
2213,6933.849850403301
2214,7057.982771252164
2215,1497.5466712672164
2216,1736.7196099094742
2217,2692.5367748957374
2218,4284.63894526194
2219,4532.768424240063
2220,2322.9094693533
2221,1787.550912861349
2222,706.5867160228242
2223,1886.358643850155
2224,1731.554474973928
2225,2421.577220768822
2226,6434.494873047336
2227,1112.83478928252
2228,3759.8216474220703
2229,784.3472288916984
2230,1120.156637608424
2231,1561.9637872789024
2232,8577.23656371783
2233,1142.7843558618304
2234,2924.805767584199
2235,10997.770231078992
2236,7762.370221924502
2237,1875.476407022534
2238,535.2566507826795
2239,773.7759570807292
2240,9735.298877058969
2241,1858.2910596916893
2242,5413.581593717332
2243,5623.023512982899
2244,3902.303972960787
2245,6671.118971955836
2246,2464.312675819005
2247,643.5200466630015
2248,6698.956995812622
2249,719.7407465808936
2250,2116.7146488698377
2251,4360.336199981858
2252,3910.8510556882884
2253,6695.921389014142
2254,8197.602632956781
2255,582.1656931287962
2256,1485.8417464987472
2257,1669.7815276458168
2258,790.5377839297212
2259,568.340601163025
2260,4563.588321569378
2261,1734.4351181599175
2262,514.0695917094572
2263,563.0900831589169
2264,2902.91051472502
2265,1822.1385953266179
2266,1021.9249041679589
2267,4547.433152549131
2268,4780.26448182792
2269,9125.174020982384
2270,1269.337099602376
2271,804.3802856943977
2272,1030.1389024165353
2273,1415.2246460331155
2274,3004.3206759895643
2275,6150.61829137172
2276,761.6888414110794
2277,4432.371355137249
2278,893.8321802162948
2279,2029.4889589844777
2280,14615.937040695728
2281,3221.685791015625
2282,925.5555387093501
2283,560.8011266354118
2284,4352.386095551144
2285,2712.852805035462
2286,907.7271716658421
2287,2986.99684197406
2288,1007.3950773870384
2289,9412.91285084804
2290,1026.7801082310161
2291,433.2735518990405
2292,11046.046733629135
2293,984.3181933508321
2294,782.6833201274657
2295,6814.8031891229
2296,958.7626808225443
2297,1024.9625257492007
2298,801.7248405395447
2299,655.6502862073163
2300,8216.110271624002
2301,678.1969923988075
2302,785.9881383479053
2303,1838.4329952865148
2304,3010.0620849136208
2305,2714.6611989672338
2306,706.4443757041088
2307,1722.9173202888685
2308,9425.278813924988
2309,4027.028349923686
2310,5784.417617029838
2311,1059.85657655974
2312,13048.475535496269
2313,4292.801432320556
2314,2251.7589892079977
2315,1174.657612447861
2316,10223.217778706256
2317,1922.2801947056753
2318,2166.008425535624
2319,9073.818588292075
2320,6668.505427728299
2321,6590.11696289786
2322,6053.28176380096
2323,914.6197015634214
2324,5111.707402433334
2325,4983.520668613113
2326,6295.327547110485
2327,987.9353411785908
2328,13504.821196886624
2329,1727.1154721352088
2330,529.0855674351758
2331,8503.16663220089
2332,457.1431805903032
2333,1010.9890223550508
2334,10934.637569841867
2335,506.5048408914526
2336,8462.170377937102
2337,1011.3218904730553
2338,534.6782684213465
2339,6575.844413702549
2340,2497.8918304494096
2341,2579.7218206918
2342,5322.950296596732
2343,851.7334780493967
2344,12925.448703003049
2345,4822.159479818777
2346,746.2359094618577
2347,1329.8896985126653
2348,2399.675108609785
2349,3937.769434941709
2350,2065.863710379884
2351,718.4470814663672
2352,10415.891558980786
2353,861.5227661046315
2354,2932.0725079569083
2355,1969.9735857656642
2356,1652.9460934512624
2357,2154.0441144763845
2358,639.1960873558932
2359,2978.9695953266905
2360,1645.987920832297
2361,4875.142245669509
2362,645.8908760354674
2363,1039.0571199192211
2364,6951.114019295965
2365,12862.90690830409
2366,1180.820214290653
2367,1187.0414511803187
2368,3012.123652610972
2369,898.5508752885826
2370,4214.600382751854
2371,898.7963676015379
2372,569.6364616493327
2373,693.3571680611922
2374,18000.0
2375,14740.488197089602
2376,849.0354622060727
2377,2397.0770591964488
2378,3554.962230362868
2379,2593.4686165797107
2380,850.5766596735891
2381,1034.9441825076217
2382,4438.898669153531
2383,446.1461065674031
2384,948.4888541568956
2385,7565.51399660137
2386,587.951285894538
2387,2812.0093518633666
2388,1966.0832800025064
2389,5201.037779330694
2390,1832.6115000531292
2391,590.1984524972514
2392,9072.774008936989
2393,9632.688437580535
2394,555.3766178822497
2395,2324.4061628024247
2396,497.6027794343376
2397,8866.148371527133
2398,7365.463383691862
2399,5260.563548678407
2400,2199.1978865573487
2401,1025.240144050049
2402,2818.063200500268
2403,6289.195333026751
2404,8671.392879346295
2405,2676.5509141464977
2406,8160.1990670954465
2407,2810.9062102924363
2408,4809.814285323853
2409,706.4751023132851
2410,1232.826163549139
2411,3700.9911771500906
2412,15390.511410042678
2413,2412.078936978729
2414,3208.3178296889873
2415,4177.321118791174
2416,4790.430005363029
2417,5063.3879311141245
2418,1735.6745635311647
2419,632.8436323970259
2420,566.9791011795074
2421,781.5644185738136
2422,6067.257754765645
2423,6620.343870266373
2424,619.8112743827284
2425,2643.1523209049255
2426,8700.041421778064
2427,3169.2560070406507
2428,937.6366732463827
2429,3630.8226154723297
2430,9776.806051726697
2431,9023.911579755357
2432,4495.096651117041
2433,772.26465814866
2434,2186.5875031312426
2435,6850.604117986326
2436,1309.2211589541632
2437,1953.7251042368493
2438,3838.538191262262
2439,2748.7041801911755
2440,4980.643793699114
2441,15806.87407361953
2442,1022.2001744361601
2443,3560.761173688526
2444,630.4568994212531
2445,4012.827655040614
2446,11992.891198402722
2447,3121.9693339182622
2448,1589.048624851143
2449,2115.583509638419
2450,581.9988093240419
2451,445.92689618273204
2452,1022.4489541299481
2453,496.4116545335043
2454,6098.952413327852
2455,2475.585161843498
2456,605.8193368612194
2457,766.6233583174143
2458,2995.073770491142
2459,944.869641180877
2460,7379.746993564144
2461,5036.591126595358
2462,2088.2267057453173
2463,592.4067053662571
2464,808.7579308117656
2465,2490.127016872647
2466,2569.0421660066763
2467,8897.020426790417
2468,4305.506248877466
2469,3817.6559967604767
2470,3404.420360357913
2471,5064.782159897983
2472,5606.592406355291
2473,587.676625421001
2474,504.8757914445
2475,1645.421731258582
2476,6831.405504991317
2477,11124.749982690508
2478,1151.3084439964402
2479,1269.4433539977044
2480,2341.1258040195994
2481,815.5088418272405
2482,1752.8214985461407
2483,14935.291634650757
2484,2887.036924137205
2485,7010.302974570931
2486,776.5132895275948
2487,13748.249344175823
2488,4901.185250625914
2489,1834.026332057014
2490,4161.545697913043
2491,15427.732129735965
2492,2801.9894772878556
2493,6062.372220914761
2494,1928.6268121250635
2495,1149.1383757775332
2496,615.5016154371838
2497,12721.680919304903
2498,1002.3948642265799
2499,957.0866354981123
2500,669.043314979987
2501,3675.672335366108
2502,6472.674615992856
2503,715.2818914065693
2504,9210.755410685315
2505,6686.536581474805
2506,9445.885323352697
2507,6349.650530179048
2508,440.16725416910356
2509,16947.88569683181
2510,714.8597166953776
2511,2674.9338657347935
2512,2283.709812800972
2513,2783.46845589021
2514,708.2567302144276
2515,2978.137684510418
2516,1516.5461616043901
2517,7303.753186192955
2518,480.785130155502
2519,687.3538499057851
2520,2138.6963640428676
2521,1070.1304177675777
2522,9769.651936623093
2523,4618.63645507068
2524,2468.6454835567224
2525,3031.646556664623
2526,14847.386169129386
2527,1627.7864031593558
2528,4553.5785925914415
2529,2133.3039908883707
2530,1359.56617379576
2531,3521.4139845658715
2532,907.1857128207394
2533,581.5913596645362
2534,12621.436775336011
2535,3469.7573863322864
2536,4584.929073194593
2537,995.0506874479365
2538,3818.63346048744
2539,534.9085886564975
2540,2016.175392402711
2541,5589.050308367682
2542,5919.216511938884
2543,4677.070811660442
2544,752.0490960019764
2545,2833.5622232513174
2546,17408.13665205696
2547,3106.8474580047723
2548,1757.5621457298341
2549,5644.965244470752
2550,663.545890819475
2551,5700.477555585622
2552,597.4105880267058
2553,636.8846952294143
2554,3713.7752864281083
2555,3749.9756993322735
2556,676.2045269934473
2557,1016.0409560061423
2558,6393.879754833051
2559,13013.24493526527
2560,8655.416673198994
2561,4147.2492898731925
2562,5761.311004020233
2563,7790.1744720328015
2564,4177.210521440177
2565,3282.2146697601593
2566,7530.048172480314
2567,545.4283087306576
2568,2505.5155865678953
2569,1643.698812209623
2570,3122.9805501783503
2571,889.9388126902259
2572,1624.8125376991202
2573,7068.557889956496
2574,6663.75848571397
2575,828.2628108193674
2576,852.0449932303802
2577,2453.033746702558
2578,452.09536538727065
2579,2271.4442420709506
2580,10389.0493062741
2581,1843.624650441495
2582,2599.7124966303263
2583,455.9908755488278
2584,601.0189915418144
2585,6751.592484838637
2586,1715.3183943337842
2587,5080.169357581663
2588,802.0958975767567
2589,4026.244484151892
2590,1449.7517761927245
2591,2470.187283256454
2592,4294.479087611093
2593,3576.977140011006
2594,543.9496469091105
2595,7190.16762351488
2596,8844.197565578332
2597,1238.3220319826557
2598,971.481992035811
2599,1718.6457123601162
2600,11292.011617586993
2601,3152.701182753769
2602,706.6355224291892
2603,3004.234038829357
2604,5457.146321034898
2605,15134.20534732889
2606,1645.469248809455
2607,3125.1319593043113
2608,695.7453761894058
2609,3883.6278132908938
2610,3618.2477459988063
2611,1047.6660691816628
2612,1106.0860509159045
2613,4648.948425069782
2614,1560.8180835313121
2615,2371.4896523010307
2616,6901.0636486835
2617,8825.761640611196
2618,445.87710375521317
2619,1229.3614675546555
2620,8689.331366634055
2621,2297.5133290607664
2622,4947.2410373077355
2623,16891.219488246737
2624,895.7038999227233
2625,1111.1017511123684
2626,12194.458306356351
2627,1727.0029987285554
2628,4656.345381125738
2629,2153.3391015607217
2630,1631.694961994538
2631,896.9361946914315
2632,3260.7595470145884
2633,6760.08694244654
2634,2683.139111302296
2635,4870.633066207454
2636,1081.3215838927783
2637,791.5959275885498
2638,6321.812730778809
2639,1131.8305614742494
2640,1908.5756364082615
2641,4750.667709589745
2642,2068.2097874984256
2643,16313.82950952967
2644,10379.9547573681
2645,5499.20974924286
2646,2858.7818615998945
2647,6210.259088717483
2648,5100.860789459044
2649,654.3429248696568
2650,4738.471653427129
2651,3370.2291322136653
2652,12070.228433638149
2653,1334.161513698806
2654,5160.882495586376
2655,881.492748035932
2656,13868.178580035048
2657,10435.776288284273
2658,2341.9193917259263
2659,830.7454279776857
2660,2347.1506678533015
2661,16927.750828375778
2662,7142.178108627262
2663,8847.598596527669
2664,1393.025892571633
2665,716.677585059647
2666,3273.2032202234063
2667,2786.7122354757066
2668,15117.734629446482
2669,15783.948008244433
2670,569.6160452546405
2671,7025.205243733607
2672,592.7593204688075
2673,1164.4373094396167
2674,1102.953984951876
2675,1019.237647545341
2676,2143.3571896191725
2677,640.299506084386
2678,1601.4662196243041
2679,4660.114874763248
2680,705.6288234049296
2681,932.0379109779885
2682,1134.673429507177
2683,13307.702716196387
2684,4677.66281138114
2685,1040.4149839384386
2686,1027.0292491890075
2687,3283.3570441277393
2688,11189.562661596596
2689,1406.724203269148
2690,6625.627122354592
2691,1790.591942589658
2692,572.2048153086951
2693,2582.724650397709
2694,8810.603999051042
2695,6178.953063853203
2696,3467.9215456752245
2697,4851.15271775551
2698,15801.495420054376
2699,1222.6734986577449
2700,621.3305352918546
2701,11203.237701804796
2702,2364.4578220010685
2703,11118.186184374008
2704,896.0790496093418
2705,2717.97797654757
2706,6202.161345113274
2707,2074.006786917146
2708,5518.029703347225
2709,3490.4237317475154
2710,15236.21763483936
2711,6636.608401583451
2712,2480.6581230579395
2713,7309.753958574573
2714,635.7522070786049
2715,2787.8146468174623
2716,5516.22449834316
2717,3436.5321422184356
2718,6363.342343968354
2719,2347.481182119143
2720,815.5996883942287
2721,6457.987152016468
2722,3404.794155899099
2723,5707.795060411012
2724,7086.098947629144
2725,773.5357721480741
2726,4585.522123701763
2727,1012.2631603418324
2728,2474.0605640809445
2729,743.6320840175943
2730,828.905920913469
2731,4067.7943198370426
2732,9898.947921491157
2733,6469.343896036503
2734,593.1184297841518
2735,2131.53435052672
2736,7796.572018747205
2737,2109.842717379668
2738,3113.684825859642
2739,9265.693719854366
2740,2294.4429700861915
2741,3791.141149914517
2742,4828.225655657058
2743,9124.837753802878
2744,917.7684746180281
2745,7608.538802423295
2746,890.1944034295427
2747,5850.441803677047
2748,518.1374559975726
2749,3410.622656340034
2750,2388.8394372565417
2751,15090.20183292661
2752,1622.1352040903625
2753,2710.4303138007845
2754,1693.108027484304
2755,706.1194205365049
2756,12135.152938867785
2757,7748.637873423953
2758,4074.4597434274347
2759,582.0674388247593
2760,4351.970561953046
2761,623.2265804456468
2762,576.3878289261529
2763,4827.07579096136
2764,968.3372687420368
2765,2220.4694540332384
2766,2072.9744245806933
2767,673.9280563993188
2768,1174.1480106988338
2769,774.9467806247762
2770,707.164971633605
2771,2531.410018993013
2772,9128.112250606802
2773,1882.4275601564377
2774,1601.718761148839
2775,527.8701038590125
2776,598.4445782380658
2777,477.1657387628811
2778,8299.700074516037
2779,4628.45941297215
2780,10539.965288514768
2781,5212.1874684082795
2782,5391.356813798392
2783,7492.307846402701
2784,922.951988119853
2785,2557.998325566378
2786,3485.022500562425
2787,3135.7583920944267
2788,6983.405956837569
2789,967.3094335282535
2790,8185.623789159086
2791,1576.3474125064263
2792,1325.8000212554814
2793,2757.551935644553
2794,510.3158104720928
2795,2455.572291085756
2796,9477.689644407386
2797,9533.456983318993
2798,438.483378142632
2799,767.0643026857873
2800,560.678682902929
2801,507.55570337075164
2802,12853.350422409363
2803,2744.37835214592
2804,4120.25305012231
2805,1686.701642535598
2806,2946.1502145197996
2807,6443.080564493221
2808,6467.091264609258
2809,1533.9870601267207
2810,1704.1065993235263
2811,3733.0585777786887
2812,1231.8551002308343
2813,6726.0944536323605
2814,3449.5867779861615
2815,7521.653010843574
2816,17628.516852499684
2817,4068.805471968885
2818,697.6442303564285
2819,15656.073142227617
2820,1833.2347200736115
2821,2620.428448655624
2822,1364.568080495587
2823,467.5773703739705
2824,1157.7967452062985
2825,2404.425798077127
2826,9366.508377338052
2827,13682.905097909086
2828,7329.044520325317
2829,5241.613845116011
2830,548.6716682095014
2831,5167.202638941497
2832,1954.401240966259
2833,1065.0311785819808
2834,787.4141674322086
2835,509.4287405026723
2836,568.8454533525259
2837,569.1104669355311
2838,13568.061561910918
2839,872.463327165098
2840,5296.343895297385
2841,1124.4801078698947
2842,586.7135418880176
2843,3747.9316850948226
2844,2200.0948818926895
2845,583.887373666628
2846,4364.387346949994
2847,5321.886272695221
2848,2438.5961729465093
2849,691.338892084222
2850,8895.28747357597
2851,601.5773423650112
2852,1860.219064968736
2853,11642.361687148059
2854,2149.1694165268764
2855,1641.3742828998559
2856,661.1367905331592
2857,2410.234865922094
2858,3565.5913460140323
2859,4813.1315343499155
2860,1754.5059461926828
2861,16233.002197856253
2862,11301.299983744648
2863,9215.533893037978
2864,6540.986870520547
2865,946.6180902204405
2866,934.0011857345969
2867,630.1297132811366
2868,5989.4098802409735
2869,678.3358794027993
2870,501.6333041047882
2871,1872.2343497189675
2872,4640.18582863274
2873,1550.5704384684357
2874,1677.4611992083885
2875,15809.324189689396
2876,4111.335130635271
2877,9371.645978984241
2878,5961.988960609704
2879,714.972654547075
2880,1639.5640476820033
2881,2570.9064794622077
2882,1100.5745219949345
2883,10447.842699500534
2884,11018.523360945055
2885,618.6403897498358
2886,3390.99652045775
2887,4918.802268843443
2888,4800.919233669535
2889,907.564781285698
2890,870.1121438844644
2891,2249.9690567152643
2892,546.024471921475
2893,8957.209192246337
2894,890.1944034295427
2895,3371.4655994733403
2896,4426.825279603246
2897,1578.6896412584297
2898,1979.027530051513
2899,6053.9365613644395
2900,1307.395128870523
2901,11735.880048276547
2902,1775.4079438451547
2903,13091.06292301675
2904,5082.274722249606
2905,3354.412337412427
2906,897.2647553490333
2907,4223.096765685174
2908,2116.077380309084
2909,714.766447332601
2910,5303.871637680998
2911,692.594008947558
2912,8078.517823834188
2913,14125.599890884076
2914,687.7350104165458
2915,415.23766550239657
2916,7186.872824021582
2917,585.6110170303714
2918,1133.0241535837454
2919,2620.457205928945
2920,784.2752205656044
2921,735.6678054519979
2922,718.0873970416054
2923,1527.656461720271
2924,11712.259035434274
2925,2402.413938932976
2926,672.9031872724338
2927,5237.029279827997
2928,5560.787823547143
2929,5065.923654550139
2930,767.4727331645918
2931,13798.102858710508
2932,3208.2114105123815
2933,7703.227577000797
2934,9033.019867732517
2935,2618.8263076259045
2936,882.2549888680096
2937,5103.307620498845
2938,1580.4207730982541
2939,3966.7694733656444
2940,810.8919839459932
2941,4099.110970717036
2942,9615.600238478684
2943,6936.3539526978575
2944,1057.7351686378713
2945,1681.98632664262
2946,791.3793062687018
2947,515.1896748022102
2948,6577.552029030867
2949,1585.9992813240342
2950,3993.129883711756
2951,2422.07647186484
2952,7213.623750768022
2953,2340.754105910206
2954,561.6523900343824
2955,458.86706420922076
2956,4544.527488118647
2957,1209.0877182175589
2958,7357.264469618008
2959,1570.0178836580603
2960,664.6928012517927
2961,947.6526629774094
2962,4848.466427463935
2963,472.1659097827456
2964,9194.70271687576
2965,9447.028865616674
2966,4092.9248050692854
2967,695.344047655905
2968,575.7584065771406
2969,5195.844628634674
2970,2126.9625514708787
2971,6561.859805891005
2972,10159.657635270727
2973,1563.2460169842498
2974,1765.726912768988
2975,818.5817442686451
2976,2076.634140754872
2977,645.1569797950654
2978,581.4312573100217
2979,700.2347413205646
2980,843.0779381083349
2981,7016.458690886926
2982,883.4994697009325
2983,1521.082075372402
2984,609.8500940977642
2985,2352.353358700253
2986,1851.0738733469882
2987,3327.848309836896
2988,4748.7971294337995
2989,784.4814250709925
2990,8802.084924345014
2991,4781.538224293501
2992,959.8289593106939
2993,6480.67506587871
2994,1365.5223198467684
2995,6039.492196478346
2996,1183.7578138723643
2997,11305.229619824056
2998,8906.877515309567
2999,9395.329825618683
3000,448.6521249396997
3001,5828.666020372598
3002,1585.5676353069157
3003,2526.8849545902153
3004,672.9768527736326
3005,2700.777763106811
3006,2124.921490500337
3007,1435.5119403031042
3008,1640.8234012062533
3009,725.2106955754525
3010,2834.7834383866625
3011,3325.7872589207373
3012,686.650881287559
3013,694.1737421255322
3014,2149.4690492644495
3015,10355.84851771011
3016,1321.6835906515817
3017,3732.2418496674177
3018,1699.9577968495144
3019,709.3536707849435
3020,3340.976695493932
3021,13754.354198637462
3022,17634.44918310266
3023,8969.30906477845
3024,1104.6631720256037
3025,5016.08303519212
3026,4297.939687265189
3027,5304.423229032909
3028,12341.940818551024
3029,6323.084734052856
3030,1294.3386540779072
3031,679.3071129405131
3032,4938.77189206522
3033,868.7650003078684
3034,683.9718641789879
3035,11371.804809565998
3036,1310.778527367627
3037,871.2374960200627
3038,6336.657915357251
3039,10423.525761534414
3040,2564.79841066722
3041,4558.70915328555
3042,4845.893328630808
3043,1035.0179975336173
3044,8617.726584892278
3045,6485.941886411573
3046,2188.956998763997
3047,4334.324943338098
3048,903.4281505117968
3049,680.7112631416319
3050,5005.697626293718
3051,16353.521586077664
3052,2400.3696479969267
3053,536.2600020397686
3054,2742.4900051600694
3055,4250.218987210457
3056,4454.01770965997
3057,834.0054157167455
3058,4313.790977603104
3059,3178.1735972034176
3060,1124.4315912055965
3061,1122.8287236907845
3062,1685.267021424531
3063,1259.86220384158
3064,2539.0906081770913
3065,4728.112511777849
3066,7486.773427196114
3067,4817.430163779688
3068,686.9759982545133
3069,867.9275994211564
3070,3413.7804193472944
3071,759.1593472626238
3072,527.3168562520391
3073,1015.0354611854772
3074,549.6346899032026
3075,2318.769045093869
3076,2365.7680410317357
3077,1886.5688511022154
3078,514.997179397214
3079,6862.085121504569
3080,694.5807507283214
3081,1038.8239396514712
3082,9194.278544049597
3083,11122.7909318911
3084,14010.484517643592
3085,694.3293458287479
3086,15641.497774157144
3087,5141.078373936296
3088,2086.026260178833
3089,2407.7828341212607
3090,608.1473609672018
3091,1730.7507967801423
3092,6931.911750176054
3093,15305.076888997084
3094,1780.703820789891
3095,462.04198381137036
3096,651.055538268294
3097,4152.012630500348
3098,2015.760423190266
3099,5785.7800324149075
3100,8407.41450855654
3101,1194.7191211077982
3102,4354.438350862866
3103,2273.323576857331
3104,5213.190229998972
3105,1258.6961058763081
3106,4308.745414431178
3107,10238.681221117986
3108,12817.8454978082
3109,1358.1673623555216
3110,918.5354640329532
3111,2392.7758276832783
3112,722.1360935898784
3113,15096.98581880276
3114,15464.156584512513
3115,3567.935492401966
3116,861.3134526778716
3117,552.2979966732298
3118,726.692637789723
3119,881.492748035932
3120,928.1731789563706
3121,4173.653629618307
3122,3786.6877672464107
3123,1782.9102132256164
3124,2657.833013986353
3125,13919.98686024339
3126,1718.5198353694338
3127,852.0295291238299
3128,6581.603782339898
3129,8195.675890841729
3130,620.1587411153358
3131,10114.024628703144
3132,5497.997620506081
3133,1073.9516419409615
3134,4302.936296909121
3135,3386.814212186743
3136,2068.060715219041
3137,568.4624986282063
3138,489.18785424611855
3139,5558.530956825463
3140,1560.2228335221023
3141,16150.462058088566
3142,627.2888356083206
3143,4630.53696580534
3144,4593.462457719712
3145,8784.677916293893
3146,8779.520778675525
3147,784.2174213023137
3148,898.6889673674227
3149,1064.9924403098814
3150,1439.079260131946
3151,5173.5219350022835
3152,5338.1234899541305
3153,3272.5255431877586
3154,4260.752329193239
3155,7602.506664172093
3156,8492.951026355795
3157,3447.0462897469192
3158,2500.0320003663564
3159,4056.258259836019
3160,4672.563380579606
3161,940.1743972788275
3162,17139.79381338502
3163,1609.5291235612094
3164,1583.8498354396834
3165,556.2974304358177
3166,2515.5349944685945
3167,5162.399723341986
3168,3768.6980800019355
3169,589.8441930386315
3170,3464.5619348265227
3171,4757.090140715271
3172,1409.7929728773
3173,586.2135705305355
3174,6001.725284633737
3175,589.49347888942
3176,1667.4917193894792
3177,14258.003195786474
3178,1089.8242452760185
3179,4621.220196100022
3180,2115.243786904346
3181,459.5342097680614
3182,1508.0988951608751
3183,770.9652204895178
3184,2424.0519039082506
3185,2511.4255643026922
3186,1372.076244498767
3187,8592.496936273097
3188,528.5912475499867
3189,13071.295389181007
3190,2464.5430722185747
3191,10523.33235569368
3192,2170.959074326573
3193,1979.1549932769205
3194,2936.306884947983
3195,529.2079323723603
3196,3779.923964811362
3197,3971.2685456223126
3198,2604.6324420406954
3199,911.5636810002616
3200,1110.3636901748046
3201,1671.9007368733462
3202,16481.235610292486
3203,8430.374418067138
3204,2685.783046733451
3205,4502.559522672988
3206,530.2911907073288
3207,7031.161672255493
3208,700.0790238980092
3209,893.3015186020261
3210,2647.782032809228
3211,4320.816639353653
3212,3086.139536812609
3213,7284.1796659018855
3214,1074.4300863336048
3215,4168.060046166359
3216,894.459128753207
3217,1836.7309312220277
3218,1324.8038036959044
3219,626.7937221620527
3220,737.8597216033926
3221,5551.693094187623
3222,961.41078906722
3223,1027.7721377237115
3224,4729.76559312443
3225,4659.438898917181
3226,2322.037291261407
3227,2600.648237245287
3228,4271.247186088321
3229,736.3042348089164
3230,17295.452149253564
3231,982.0435496692054
3232,2726.7933098483772
3233,551.876918720347
3234,12383.297873112075
3235,3176.3994894024477
3236,9116.210437900738
3237,2727.0717345548765
3238,1655.5565185022529
3239,4955.279394798186
3240,2337.1577786552093
3241,1992.4840173232642
3242,916.1838101106598
3243,6466.911791125694
3244,2872.4502899127583
3245,3616.701462732202
3246,604.5679243197
3247,671.492872883514
3248,620.4514066087488
3249,2853.304935562299
3250,963.9762647052231
3251,705.2634120647584
3252,2932.075787583308
3253,504.49101242852254
3254,6173.919971754159
3255,2228.147633139844
3256,6301.479922292443
3257,11168.191752986499
3258,7924.588490699034
3259,16323.896935450248
3260,899.2520557300048
3261,1427.5399027191052
3262,14739.570984544782
3263,1382.4067475299732
3264,1342.1549216930825
3265,2392.9772361145533
3266,4459.627859363416
3267,5681.273535127333
3268,897.8783318256327
3269,1618.5171235587047
3270,4538.237808859873
3271,2117.7409599238385
3272,6020.190441077545
3273,719.2564615883098
3274,1892.6656019930872
3275,503.98602745058315
3276,3929.658208480744
3277,414.96997789617745
3278,4166.047581947832
3279,2030.4174791114447
3280,4247.484545788277
3281,8802.468733556212
3282,3543.6865040074863
3283,3994.252959624414
3284,8184.9296146110555
3285,818.0644764220879
3286,758.0753530727171
3287,3105.8907340749442
3288,654.4287738372519
3289,4105.212596944211
3290,3883.5132588880074
3291,1078.0197841335244
3292,16363.488556672326
3293,2991.932216109814
3294,5490.746656445898
3295,4400.575784075347
3296,11822.862143081704
3297,2848.5876890000286
3298,2750.2609743299863
3299,1860.252438167608
3300,9045.517311086034
3301,3865.1412725036716
3302,12928.746047274777
3303,1938.616062545913
3304,2223.0320261407414
3305,4821.557293421351
3306,3803.0033588096744
3307,2374.0935031357026
3308,709.4557301919057
3309,2661.2957352985813
3310,2451.7207235737205
3311,6174.857916247234
3312,14121.63268899911
3313,668.018948095963
3314,9522.155387087114
3315,2381.7542433559865
3316,14392.147758688548
3317,2181.860814903777
3318,856.2982220984262
3319,9262.380348503752
3320,730.5108866230382
3321,5029.0009765625
3322,509.42516168530824
3323,378.13000439615683
3324,921.2443016498586
3325,1414.7115393418592
3326,538.9458443844362
3327,4650.132745607503
3328,4844.0924677596595
3329,6906.997932955924
3330,594.606027134065
3331,3216.186697847793
3332,4068.858391387562
3333,1282.8453325204098
3334,1122.640079046447
3335,11428.259719343687
3336,755.2035396294607
3337,3954.3683605014317
3338,1928.1992974555735
3339,2190.0667855259803
3340,7202.371598892279
3341,8159.896720944808
3342,4560.80336945686
3343,10584.9482421875
3344,1378.9515689684044
3345,741.9906748206874
3346,4030.9414767983694
3347,446.2509797500159
3348,882.0581902755829
3349,1383.4463430162382
3350,1016.2708628193922
3351,702.2292551855958
3352,1089.9524818795162
3353,1267.3654766264199
3354,1879.736376973693
3355,11796.53474474565
3356,463.2976182145283
3357,4880.183712319857
3358,1741.8799365892792
3359,2669.5886510922505
3360,1066.8187437584538
3361,1621.7539682433453
3362,822.1985843833963
3363,1906.2636951020118
3364,12082.54517890598
3365,12372.284726650078
3366,720.2322272564829
3367,1817.6903264203074
3368,16617.722564277658
3369,2139.873079706164
3370,458.71000103327174
3371,14239.589376774837
3372,608.1351984231869
3373,424.9066821582591
3374,15648.678559262677
3375,5583.301594386818
3376,811.3094291524775
3377,3852.146498955178
3378,5867.222232872356
3379,915.4847930390627
3380,980.7875555558068
3381,514.4623807639439
3382,1069.3525513328357
3383,2333.4851664084813
3384,2784.5244206317357
3385,522.6109397190409
3386,861.3910532396906
3387,1131.5827206746549
3388,6626.453451737623
3389,1599.0261202190559
3390,831.297734371777
3391,1167.1697378571248
3392,4723.326228977606
3393,407.6621352524279
3394,10599.99670277142
3395,15110.565410231153
3396,984.141232138489
3397,598.5521718084475
3398,607.7739720391797
3399,6217.1907700517995
3400,1871.5399423686063
3401,3146.578015827072
3402,700.8280031127852
3403,664.5161970971408
3404,4167.540973673956
3405,10461.942119985788
3406,824.831287002991
3407,1248.3395421992218
3408,2631.783967880702
3409,1115.6486625461464
3410,2459.5796849647804
3411,4626.317199902451
3412,2456.8576067958393
3413,8923.147097432835
3414,2144.3794905634927
3415,1189.9747637115256
3416,1320.8276438345672
3417,542.4865310279018
3418,742.1574104631928
3419,3854.059012333604
3420,636.6849917672315
3421,4164.069841348702
3422,1950.8546930918933
3423,4118.99800266634
3424,1723.5896042496163
3425,5433.5341927503505
3426,761.8615593187016
3427,799.8461636518009
3428,524.5198250294354
3429,2036.1032274928498
3430,8870.92726453032
3431,564.1754602090582
3432,15699.068286322532
3433,857.4406299812899
3434,6480.848756400293
3435,7955.529095903371
3436,1659.1609405291888
3437,544.7191499209882
3438,759.9913326168078
3439,431.37081957739724
3440,2496.227126346695
3441,721.4623661907294
3442,14760.571215164045
3443,16180.201039998474
3444,4691.952810890635
3445,1336.2797774974074
3446,2159.2006558951116
3447,9047.050216560512
3448,11652.404196291582
3449,1029.5532247006988
3450,859.9931804884114
3451,765.6765957927414
3452,418.50603974649755
3453,1084.0376957950684
3454,898.5840706232196
3455,5470.225790208161
3456,3883.5466256820346
3457,3906.7163781881436
3458,1732.637803843884
3459,1112.9149989993423
3460,2686.511620034095
3461,2490.6932025320316
3462,2442.392702147658
3463,6559.997848721125
3464,2334.090667248903
3465,1031.1230942517006
3466,3188.4729252594516
3467,16256.100757360073
3468,4326.324833429025
3469,4153.945311995266
3470,507.3804883869796
3471,611.0421320102696
3472,587.2798582349061
3473,16115.550503031272
3474,1642.6141540296594
3475,668.878256553706
3476,4577.107038713502
3477,4571.711901686541
3478,3477.8162107138846
3479,9283.57389648016
3480,1610.5465640241778
3481,6750.464869308167
3482,534.772480483921
3483,816.868441151685
3484,7301.020917944498
3485,571.390771824411
3486,3029.60781404517
3487,10248.970561189808
3488,2105.5264828141912
3489,2498.8596505067007
3490,690.0620757842778
3491,4730.744864327971
3492,1339.9948805333488
3493,970.4231381619533
3494,2767.5751437585595
3495,4405.707291801942
3496,1236.042525526223
3497,514.0076742063922
3498,3087.7550039291937
3499,421.45771832745584
3500,815.2852645725043
3501,1717.748847927195
3502,5338.241310354105
3503,913.004460666584
3504,638.191791200058
3505,852.5679767136579
3506,1339.7926911681022
3507,1852.0185415020433
3508,5740.626662863564
3509,4105.720609086167
3510,7992.803112508059
3511,4152.222082769258
3512,764.6754230079605
3513,6461.745361087014
3514,1042.4498094048615
3515,5099.205032623831
3516,2510.4895650744434
3517,1062.8726207647564
3518,1984.8223076901193
3519,6372.7384541694955
3520,985.3304094639262
3521,10621.154911374746
3522,3091.04921494516
3523,16565.834338829372
3524,582.8022246338423
3525,3442.62912137414
3526,5961.196756273288
3527,13794.823151575596
3528,15385.208058014457
3529,1411.2717401498953
3530,602.101698150474
3531,702.5303867680902
3532,733.7513910874168
3533,15502.621274082212
3534,2919.26173577823
3535,2605.185861443804
3536,1082.2972555122637
3537,923.942775314181
3538,6254.768973376386
3539,16495.98170943333
3540,497.18127637190173
3541,571.2202758709324
3542,6210.196871535609
3543,715.499787045043
3544,738.9325199331972
3545,992.7575827800093
3546,502.2420690467133
3547,1468.9911794603847
3548,1732.2684601525073
3549,1816.4893399216821
3550,687.8370700590234
3551,472.6711615005576
3552,915.9612247233033
3553,15313.947530350872
3554,16224.794520876778
3555,9668.604005320954
3556,2384.886676106526
3557,745.6348598946997
3558,931.5783442856273
3559,1023.4585978363056
3560,2399.270600654472
3561,1516.6895380416918
3562,4629.3262311337785
3563,12087.35947966972
3564,538.2208994448212
3565,13397.426169391783
3566,530.3910737309701
3567,3474.8852176027976
3568,4458.091272814911
3569,1700.3778609328717
3570,8158.03114794767
3571,863.4762632607278
3572,2416.967897994198
3573,1829.5765792859718
3574,4334.040839748662
3575,8892.056642334548
3576,16948.925868688213
3577,4834.106893943055
3578,15840.015500131527
3579,1744.6485372568584
3580,641.685505189867
3581,477.8887264120506
3582,715.3786561491544
3583,1022.1270652696825
3584,2203.1854815082747
3585,13154.569206702521
3586,1117.5946027830205
3587,730.392102667388
3588,3143.7985570418405
3589,4094.324471858226
3590,972.210592829982
3591,915.4247785793021
3592,1632.388761627248
3593,3582.521192922192
3594,839.9727451267436
3595,579.33345177562
3596,919.6500898609695
3597,458.5478043962728
3598,4451.167620748905
3599,5335.660360468371
3600,1734.8772028790295
3601,689.9056397217857
3602,719.9051776960117
3603,1300.2012698456788
3604,5294.699225390011
3605,967.775645986658
3606,2430.5313662259996
3607,15272.72482714154
3608,1652.4528425431324
3609,4189.658099362335
3610,996.5368414075056
3611,4959.774758662632
3612,1791.5932219281085
3613,1048.9824281375202
3614,2193.0785261094175
3615,3888.6379039309195
3616,4328.7566534760945
3617,5941.993062749355
3618,8074.974293463487
3619,939.4087809673946
3620,3606.6595126574543
3621,1613.1017300832384
3622,2156.2571867499355
3623,16527.445992690395
3624,647.3813955347767
3625,4470.211689330755
3626,7311.388164051471
3627,752.2997442840812
3628,855.2846975409468
3629,1244.4925940372398
3630,4344.048897668972
3631,2974.5904048299385
3632,987.3002578016456
3633,13902.529873236454
3634,15665.910334402368
3635,1108.7064953931176
3636,632.171513187121
3637,537.842315911366
3638,4232.9843738591135
3639,16281.82478067371
3640,2287.2705078125
3641,4499.692970042541
3642,14706.016348282996
3643,565.7609392975849
3644,1262.7730259756217
3645,8821.847718367475
3646,2072.5098220742757
3647,6849.0206802043085
3648,1347.860358420777
3649,494.6513637454555
3650,721.1870972410975
3651,3568.3038556976126
3652,6047.141555589376
3653,881.0948332575693
3654,4613.955313217186
3655,722.4395659823705
3656,1040.0741732148135
3657,5273.550619342182
3658,842.3247657644489
3659,636.2834816255449
3660,1917.429235258076
3661,974.9680952443415
3662,462.02285496158095
3663,11091.305331048474
3664,881.56402180482
3665,2221.420531972675
3666,7042.773202391419
3667,645.96531277776
3668,4265.650341711837
3669,6294.428008578725
3670,4175.320813096306
3671,3752.620109068138
3672,6296.985762374497
3673,1244.9452642389704
3674,5658.75106429969
3675,1128.9334569604941
3676,783.1506066121651
3677,5035.182256606178
3678,4663.744413706564
3679,5031.201390520941
3680,4676.229978124626
3681,1390.6852738188568
3682,10508.682796667827
3683,1080.8832888934562
3684,1000.2315678223599
3685,2037.0924448448259
3686,1334.320123250589
3687,908.4285331897926
3688,2315.147855185917
3689,17130.18531329451
3690,5445.668169614878
3691,11559.981987842168
3692,4673.637375507453
3693,536.5806532417722
3694,702.3668711395422
3695,998.1651365808326
3696,4877.097242387372
3697,3718.5438381580852
3698,995.8339873029798
3699,1743.6001696280653
3700,765.8942115052992
3701,432.778313124999
3702,4621.843678899461
3703,5543.929391997306
3704,713.7580223037172
3705,601.9152679026831
3706,386.55498252277533
3707,12951.624000850838
3708,842.7104802493831
3709,5009.745827824858
3710,6441.367500364516
3711,1937.2470857197604
3712,10635.361844127165
3713,5172.708934416399
3714,520.9375960064208
3715,625.8373887347491
3716,13632.116103226099
3717,5212.568061714975
3718,643.447248132261
3719,572.2048153086951
3720,1483.294332524111
3721,13221.10231552475
3722,1269.767190199809
3723,4308.181764825125
3724,11714.1717173773
3725,890.2809855110215
3726,3317.5817341197917
3727,2518.418557385465
3728,13987.146913837227
3729,8834.053988942647
3730,6783.514679385546
3731,1810.006227129308
3732,1335.0132679053802
3733,1358.8639469885813
3734,1308.4826470354328
3735,6837.412067770593
3736,789.4760510682216
3737,6295.692428063459
3738,691.8934323868973
3739,1046.381581063839
3740,7146.238007764833
3741,4807.317659103853
3742,3152.855475046266
3743,7449.241925440318
3744,694.1737421255322
3745,4726.443950851725
3746,13704.67601559303
3747,710.3104677086083
3748,5667.941165960137
3749,883.4994697009325
3750,800.7253567893058
3751,1043.5010244990065
3752,16886.019223909057
3753,1015.8724213891802
3754,1389.9934355116166
3755,710.8004206492343
3756,9267.668215956073
3757,668.8830376244338
3758,916.8284395454377
3759,1010.1030678546728
3760,2545.8322794955857
3761,4194.666370401386
3762,783.1067403279988
3763,800.7255021298532
3764,10848.313725617707
3765,966.2194851073315
3766,1911.9939842475185
3767,9479.073448062923
3768,8100.494001387159
3769,1597.5726783801194
3770,2348.7991126806637
3771,7582.285190660386
3772,500.72419933244436
3773,781.1739657258312
3774,3239.2861352078876
3775,644.0836338785484
3776,10051.630977893623
3777,1823.5617248605886
3778,848.4231714504124
3779,6793.444268865547
3780,2614.2007403079883
3781,762.9596875363007
3782,824.1527144994108
3783,7430.30871716213
3784,904.0163589504823
3785,10299.596025774472
3786,3374.9553933223788
3787,7150.4080872825325
3788,870.2804217819371
3789,4537.4370670751505
3790,5370.856038539418
3791,4201.236094423407
3792,6346.908020813919
3793,9912.66468703772
3794,4608.626463924736
3795,795.369025325161
3796,885.075131356734
3797,786.0604252203573
3798,1994.959972157553
3799,608.1351984231869
3800,2647.410031909735
3801,2582.344679533389
3802,11674.988318128673
3803,495.6252664895647
3804,747.8316069301692
3805,4243.93323798562
3806,5755.024068172704
3807,5116.1126872546
3808,504.3515641972293
3809,636.9429077501508
3810,524.1973458640623
3811,1086.9392208211023
3812,3680.7622691519814
3813,1357.3857085180434
3814,555.6351933995843
3815,486.51671227454966
3816,609.9790835196545
3817,2297.471509663229
3818,3913.035242753613
3819,1532.1461584201286
3820,3101.2405314883918
3821,1678.021339419308
3822,2159.4476225441504
3823,8767.45912206714
3824,847.0452550533074
3825,2846.1213501664583
3826,11915.888211895617
3827,3306.4474700953538
3828,1618.3013544438504
3829,513.8406386959288
3830,462.51653832203453
3831,3157.2517948625223
3832,1088.640217921959
3833,4524.27983841647
3834,4597.784650478404
3835,9597.644964469479
3836,775.3495673243383
3837,1201.6392418789235
3838,4264.5368116993695
3839,707.7574584250419
3840,4690.817230150975
3841,2132.7762612972483
3842,14723.247446891284
3843,851.850535793809
3844,3533.6797372557
3845,2567.0224982969567
3846,2325.3815558685174
3847,6684.884381584528
3848,9585.536571125569
3849,1882.51942279593
3850,1772.2084393526382
3851,4007.9929974423144
3852,4750.311369104719
3853,686.4281594161728
3854,907.4563764798306
3855,2166.035820391296
3856,9457.915257011307
3857,756.605371150535
3858,11818.795357909428
3859,8047.421657404029
3860,981.3241022224985
3861,850.4256375642957
3862,1017.6932102294346
3863,15311.847185785733
3864,10784.374186080931
3865,526.918563034662
3866,849.2488544858742
3867,8311.97430563175
3868,3383.0067505010493
3869,563.2409873194454
3870,9182.841049482324
3871,3191.771121585249
3872,1579.286707805234
3873,1021.0979192792105
3874,1571.7929457464272
3875,4318.103372052853
3876,2761.672141114926
3877,1943.11468005943
3878,9556.067070767756
3879,665.1368051471584
3880,1234.3478399350638
3881,1034.0725395587447
3882,1071.886470903087
3883,4218.441772943381
3884,584.646153415045
3885,908.4285331897926
3886,779.1606168922445
3887,3531.5698228204346
3888,6461.652515164126
3889,936.5738919122418
3890,912.2832241020963
3891,10972.924324266603
3892,680.5711585516923
3893,15652.085439159982
3894,2537.2369492009516
3895,589.0803078823786
3896,13751.861709865958
3897,1686.4000479151343
3898,4341.821075157677
3899,1742.4240041164676
3900,2884.8746402060324
3901,953.3177703253331
3902,2315.3302344403787
3903,3203.524164651796
3904,843.2325872669371
3905,4627.283436765042
3906,905.6564036905172
3907,710.7711352898968
3908,7913.845656763016
3909,2797.0810297514945
3910,1007.6902063725155
3911,602.4107567715805
3912,5071.900929249168
3913,717.1854808656394
3914,1900.9954601949457
3915,841.5144147373412
3916,1767.5304291587047
3917,2199.6052606406743
3918,829.9657948365672
3919,2369.744137239109
3920,2591.3034181281514
3921,818.6987695436603
3922,566.1231269805855
3923,683.5372219790339
3924,1021.8117839754497
3925,1325.47969945861
3926,3107.9357270416695
3927,699.8192079551329
3928,1735.2512207151403
3929,4247.580611956223
3930,1762.4063433341948
3931,6711.339170921277
3932,1260.0789557396756
3933,1671.8869989139118
3934,4083.9991964392852
3935,2554.294787904419
3936,4834.943049061507
3937,494.74958753396385
3938,2334.0880716412917
3939,5010.624218965855
3940,833.372655195372
3941,2686.2654547839684
3942,1936.7680343837583
3943,1874.3275389132473
3944,7071.493950276379
3945,2738.2405919579783
3946,527.4622212110554
3947,757.2144837939121
3948,3413.7594571666027
3949,6551.583208480151
3950,951.3074260876548
3951,3491.214580549567
3952,10319.9658203125
3953,2402.268697024989
3954,1219.1085190323972
3955,13256.346464335684
3956,958.8555871619668
3957,5954.018590934248
3958,962.0646091765323
3959,762.7293054273822
3960,1688.2675617735904
3961,646.9332767372553
3962,664.9972450694999
3963,736.3042348089164
3964,1257.6339722298542
3965,1834.594513093638
3966,4649.122471555804
3967,977.4257766719815
3968,10704.588647635584
3969,1285.8970417863482
3970,16953.585511871413
3971,16597.791884262497
3972,5543.853675117683
3973,878.5916280682845
3974,736.2618196073332
3975,1025.2361571598362
3976,2368.5054427215537
3977,4123.282231778681
3978,15108.635691377309
3979,2378.3531048170753
3980,11363.80912277683
3981,814.9434536972344
3982,11411.725053307951
3983,2381.065853635332
3984,6566.528597430903
3985,8689.906647839858
3986,1386.1189474767666
3987,663.545890819475
3988,1868.8231825780335
3989,1245.4784518047093
3990,6692.385384508378
3991,1181.2249019164776
3992,1118.4455763046521
3993,746.8457063188878
3994,6757.54503326057
3995,967.712166238771
3996,3537.4550843405605
3997,4416.168195318439
3998,1255.9680391842835
3999,14699.33720145375
4000,631.6271403609617
4001,5030.582186049408
4002,4384.171307377992
4003,884.1512748490807
4004,668.8830376244338
4005,749.7222487430391
4006,736.32589388039
4007,3342.1087564856734
4008,2342.515074827115
4009,14580.850414259097
4010,5344.904948604166
4011,578.3801282355025
4012,1033.638597777939
4013,18000.0
4014,1042.215308739457
4015,1816.630496481933
4016,1303.283358853013
4017,11525.33433289162
4018,613.4065311324384
4019,423.9468190840957
4020,1720.6024661000326
4021,4947.772598808237
4022,2169.7190417686584
4023,475.13296159104556
4024,1640.31896524287
4025,6420.739570288447
4026,5972.39854474877
4027,1983.2271856395114
4028,5770.149446533707
4029,4210.4932051538335
4030,913.3474551773845
4031,573.2594952408249
4032,1346.3300894995489
4033,2864.5589121365356
4034,1498.8414259053716
4035,869.3231529931685
4036,707.0753745114016
4037,4473.55179497542
4038,427.3505071719489
4039,899.6552710250711
4040,2184.637226165296
4041,847.1533742066431
4042,450.5646294658313
4043,9031.771959905367
4044,1450.3661853369813
4045,4745.3338911942255
4046,12821.8497733681
4047,1384.251562105365
4048,6967.239011768988
4049,1673.2846087773808
4050,2714.3246853745004
4051,2715.1810488375086
4052,706.6355224291892
4053,1775.9866404462555
4054,1736.3045467940756
4055,810.1717367031363
4056,3182.1865089744533
4057,3804.460880348467
4058,765.7441667770596
4059,8111.462320465672
4060,1106.407192100674
4061,1595.53535854501
4062,803.7869817370541
4063,12459.93445604038
4064,641.2621492304032
4065,1155.1051244504274
4066,719.4488936102094
4067,2091.7950096942077
4068,3389.093831421467
4069,7048.570347012627
4070,460.6212757629099
4071,8002.419147264152
4072,2920.5973283337066
4073,641.188230787432
4074,9905.673966223403
4075,1221.3440377958354
4076,4600.142191509553
4077,831.2065889839195
4078,3795.807155438821
4079,2236.766001119944
4080,551.4494230016963
4081,5473.232693759323
4082,831.3201584014404
4083,1584.542164558201
4084,413.6968381935615
4085,4396.780911963108
4086,5269.744572973379
4087,867.1333390513812
4088,2247.56726182672
4089,2501.1832221293694
4090,2035.2633955117885
4091,7122.423456568694
4092,2037.1160873771328
4093,2774.5663215309896
4094,2031.6076634391711
4095,3045.406301116374
4096,4079.8126733778286
4097,884.1636743294011
4098,3081.8425463783824
4099,10142.808182064673
4100,832.1337310190767
4101,6476.643449036469
4102,4151.840988844968
4103,921.654141162486
4104,7263.23250131907
4105,5023.791656022397
4106,673.2825295003772
4107,3274.460156401995
4108,1020.3013338058388
4109,14321.013821427838
4110,2313.8663453525164
4111,1595.7400901302635
4112,11466.538820039741
4113,3315.607382874054
4114,509.9793654152313
4115,634.4783272534268
4116,1776.327238794836
4117,3945.8435524326082
4118,1431.7017742761132
4119,1912.783370484944
4120,4433.593535299126
4121,1851.3495731019777
4122,1923.029285259376
4123,917.2337082322488
4124,1658.4834469638977
4125,16308.328637069715
4126,1815.4670134739113
4127,3532.3977230731125
4128,13888.49229007991
4129,2694.5474892859174
4130,12088.071204868627
4131,2802.5975770647806
4132,514.1636468591912
4133,3354.609809362833
4134,5476.426923897829
4135,1715.6127164348675
4136,1059.3025472362629
4137,2020.8213787296165
4138,2252.9510966187313
4139,519.7093546664927
4140,2737.1972308463082
4141,705.2958624326269
4142,443.45155121785916
4143,12802.707855405084
4144,1950.8418124831321
4145,5713.349188492275
4146,4730.516503278223
4147,4550.545733236834
4148,1229.6969817231604
4149,422.36183463742873
4150,690.9122335970554
4151,695.1730798782605
4152,744.9797311736073
4153,3498.053022297835
4154,786.4221829499692
4155,493.0125215359313
4156,12338.842879254827
4157,747.71442669494
4158,511.85551069194054
4159,2633.0997906947714
4160,1644.854364738452
4161,747.8316069301692
4162,883.9216912942757
4163,7282.773446734179
4164,4021.680897662887
4165,8044.921703937008
4166,10404.71882974028
4167,573.8176928705414
4168,2007.7443730352886
4169,3078.1213815459555
4170,15058.171898498333
4171,923.3113563430835
4172,1845.2356183033298
4173,4733.671781017356
4174,4718.188172028694
4175,535.9115310298847
4176,1929.454677778461
4177,4460.429809843889
4178,2305.0394921580305
4179,519.7707486526509
4180,2632.605693878496
4181,9008.043857979088
4182,5260.891898520856
4183,4388.37413089153
4184,10282.083714608858
4185,7149.310287249719
4186,2687.8355777450756
4187,567.1391630838601
4188,1681.4472144270171
4189,856.7891262156613
4190,5724.992707905989
4191,2880.747098837973
4192,2281.4629088397623
4193,4680.963352897826
4194,958.1863697150496
4195,4858.725701173748
4196,3870.3309660060177
4197,4595.1278921373705
4198,1012.9124130641054
4199,486.1139268523544
4200,3139.5805259176154
4201,13586.381659265342
4202,913.1118103369013
4203,822.1797168493227
4204,2353.0983548885624
4205,3576.983487689984
4206,10354.577626671376
4207,1218.850099954338
4208,477.6262522176975
4209,7650.51477583739
4210,3875.0064049104717
4211,663.545890819475
4212,2176.4330816295037
4213,1331.6411702254481
4214,687.3278218671794
4215,4139.543530135844
4216,1971.612455120724
4217,4845.1844830073105
4218,753.057824250099
4219,2531.926163630142
4220,5957.2362602212015
4221,693.9369955741031
4222,1018.9350125544611
4223,1266.9400722466805
4224,4965.250824606891
4225,2155.1993517144456
4226,951.8103458259634
4227,9779.835005383897
4228,5496.575005175216
4229,13727.15202044409
4230,787.3989028222
4231,4302.194757613477
4232,1919.9129366133814
4233,627.2404435327869
4234,7877.425225382936
4235,1913.4527019991183
4236,683.0145927067699
4237,818.0857966782653
4238,2136.3958448504304
4239,927.7696663649426
4240,2968.0628748367167
4241,5053.862695953729
4242,726.3600610331521
4243,501.2223570123481
4244,6865.5703263543055
4245,435.3139950094149
4246,8059.735020499207
4247,3988.8661125797007
4248,4127.009299275384
4249,7727.752289906731
4250,4946.883145569631
4251,6545.347152968907
4252,7322.23345401645
4253,762.7293054273822
4254,6277.189485599546
4255,631.6006820783066
4256,4175.042413008152
4257,1858.6771781704279
4258,3257.268064314237
4259,2705.669345388328
4260,847.0823511846206
4261,5346.080456812559
4262,1958.7773331193434
4263,2313.1594420937986
4264,4244.056785023537
4265,4837.0964536531155
4266,12894.776268089716
4267,2887.0969597645776
4268,2014.5426938488997
4269,3597.922789114433
4270,7651.824599026005
4271,2293.65527466598
4272,15122.49934649392
4273,6833.275159120234
4274,11703.277401441866
4275,2871.32125745118
4276,503.7720771252354
4277,3358.638231566881
4278,8144.9292147128
4279,1214.1122837378266
4280,852.090205598445
4281,755.171205873427
4282,3145.838911746237
4283,4322.361492886762
4284,8217.863999900497
4285,577.2920528319618
4286,795.719592885077
4287,4378.26628798395
4288,2347.3015342629906
4289,13311.231670359475
4290,7586.740528042972
4291,1342.4513151379476
4292,5535.981816708395
4293,3287.273800666933
4294,13068.459827462122
4295,1320.970148275469
4296,9308.910222864248
4297,1194.7928200829178
4298,1805.2746655887113
4299,2535.912122825591
4300,784.0042145201285
4301,5136.543092950167
4302,11299.839360180224
4303,2496.7650408653894
4304,6759.015277617864
4305,4713.913983274545
4306,643.5200466630015
4307,6812.11761365515
4308,5454.265214143948
4309,1383.512788457295
4310,4609.328376589612
4311,1807.9067710874078
4312,11424.92576431152
4313,15244.1193022695
4314,732.9929571244653
4315,746.2948273421097
4316,3490.5279180406233
4317,9068.892982289644
4318,3505.319320640976
4319,8896.115881681602
4320,1813.616294000743
4321,924.5052250406242
4322,685.7506529411867
4323,1277.6982192785736
4324,1627.2727977653144
4325,2393.497669001246
4326,4759.11429496919
4327,8053.595703125
4328,5145.4392927587305
4329,2589.759461596506
4330,1338.684654625013
4331,439.52346281613785
4332,718.4561182073563
4333,8520.238881883792
4334,3112.1187958954124
4335,3272.000320707001
4336,1555.6803464687591
4337,584.9539724474662
4338,496.71228223545813
4339,5317.682779785591
4340,4931.827467389662
4341,1017.1821829713027
4342,3039.2906669934487
4343,643.781422081769
4344,7301.910666170842
4345,4093.815359797821
4346,14891.249127419253
4347,4233.800019612758
4348,2426.34426466517
4349,1205.6422553932775
4350,912.8300539895974
4351,4062.9855506420363
4352,11873.096369124585
4353,1630.3579718678006
4354,5856.41828554869
4355,16714.387056347787
4356,1283.063684043013
4357,1033.1355750718808
4358,1309.0781539492268
4359,14406.114128655954
4360,954.7550668041138
4361,7379.303195110642
4362,1831.3525965708332
4363,17193.595030761924
4364,713.7720501365058
4365,519.7093546664927
4366,1825.2171609654038
4367,2975.5687938348765
4368,3096.7564670198453
4369,2314.1744970232126
4370,1350.965251284041
4371,464.9161628331876
4372,10560.176128965435
4373,8780.10555575187
4374,779.9383872054011
4375,1606.2711774695038
4376,719.2564615883098
4377,7015.383267160891
4378,631.9541093486056
4379,2028.2909811465763
4380,456.5316749340648
4381,15950.832868540281
4382,2389.1773969561063
4383,688.3324998560497
4384,805.2697746689042
4385,7393.018074912021
4386,10150.40327901524
4387,3861.739743615826
4388,1080.033884517888
4389,3268.8686173695264
4390,1537.493897076435
4391,650.3190112246853
4392,685.6716032210367
4393,5219.6782150970275
4394,2096.7135778735337
4395,4537.400222251269
4396,1034.6087664377242
4397,796.1152636530428
4398,569.5759712736995
4399,3573.1681726310303
4400,1389.5366772693883
4401,720.1078530736337
4402,15741.044136495659
4403,3552.3359795342462
4404,2351.1664624108084
4405,947.8718643127442
4406,976.2392231213821
4407,13814.63725266463
4408,575.4564868982933
4409,1565.4793975790792
4410,1725.157346369841
4411,504.49654587231964
4412,5732.241730039119
4413,841.1210555077733
4414,695.3279552561461
4415,1342.9118362530673
4416,805.9801868717202
4417,5074.83936254651
4418,786.4523741964289
4419,3325.682775604856
4420,6956.866519644053
4421,726.2329748695237
4422,5845.757381303333
4423,644.4214847468908
4424,4727.818298998897
4425,630.1634988555563
4426,1415.3383589202222
4427,3889.093375218681
4428,786.5519734657463
4429,6290.601921798346
4430,974.7533652776982
4431,643.447248132261
4432,754.0321218571186
4433,4571.687438965245
4434,1009.5767919203678
4435,714.0241835498547
4436,458.0400125040678
4437,6530.214857884182
4438,4251.164519762355
4439,788.3568559835168
4440,790.7909178214213
4441,736.32589388039
4442,6744.716614194592
4443,15612.860751287011
4444,414.47971647707834
4445,1280.650381869884
4446,5452.723692407185
4447,1944.9087903541865
4448,1200.3480658226495
4449,4068.9610576522355
4450,15874.347531443673
4451,10505.574524796146
4452,1018.2492454863898
4453,1065.9853616011758
4454,9900.809300254794
4455,980.8136486136827
4456,7112.506520378019
4457,3787.6293222853783
4458,3825.322998870295
4459,4854.711679191154
4460,2220.283802457668
4461,2834.0705242496806
4462,613.4824733894526
4463,1309.305210758918
4464,4623.811461058768
4465,794.3902012758397
4466,6763.79577938725
4467,632.9765257444299
4468,4099.316976123735
4469,7544.341601122426
4470,2211.2455912166142
4471,2742.988315078029
4472,7234.854971462704
4473,2025.916525166244
4474,2713.3452107220164
4475,843.1728307689565
4476,5145.144542110694
4477,2987.091539561401
4478,4507.529490613332
4479,3109.3109832159257
4480,1347.0921659809653
4481,1432.6092901742634
4482,2403.7052730746236
4483,1065.9611147649377
4484,2937.9451985559494
4485,12116.471584650842
4486,2186.804073197113
4487,661.8871196380536
4488,1552.925468494889
4489,529.1870931456167
4490,7813.919535509336
4491,2891.1700435610705
4492,10869.087763945074
4493,1498.0350802815392
4494,9891.657874395794
4495,2551.4942790521072
4496,3295.925944865997
4497,630.7000286573158
4498,771.0065259819834
4499,5414.872629747493
4500,6111.9379398647
4501,515.1685396654528
4502,4217.51255770188
4503,2606.9904570436797
4504,7985.832617928867
4505,3148.2699010846663
4506,1062.7922360594416
4507,3674.1396882854942
4508,4566.5114297247355
4509,4156.601508614062
4510,10998.896119314724
4511,7360.589455396486
4512,3337.382486648002
4513,9480.164496140455
4514,10059.413163614141
4515,6766.621393896159
4516,1942.4631664986666
4517,13146.828504714898
4518,1656.352868784811
4519,15384.576291243093
4520,558.8658277313162
4521,6514.507022020402
4522,7158.519272653443
4523,8815.382673352546
4524,1228.974541846126
4525,3077.229542078184
4526,791.3575967347438
4527,4606.899878062378
4528,3331.0859310593046
4529,2985.7928165898375
4530,9987.86392341644
4531,4206.4156112273295
4532,1009.2417870829869
4533,888.8246486154935
4534,1810.861136167986
4535,3899.8871536996953
4536,1801.3308132303891
4537,15095.391260310103
4538,4542.692293640291
4539,2613.486277417015
4540,1671.01221754724
4541,707.6614460908376
4542,1753.0598530617426
4543,1025.7148263063648
4544,3204.8876443703016
4545,861.6795375383895
4546,740.5897168592277
4547,2737.3973409628966
4548,7109.993743826472
4549,2410.90273047727
4550,1113.1079674789419
4551,479.9589074012352
4552,1007.7947906245421
4553,6765.442672473715
4554,9541.750083480856
4555,640.4470434270035
4556,2696.0776895422873
4557,1344.9913870924217
4558,4427.9204527699885
4559,918.3150392772428
4560,1654.8300370411869
4561,7368.258736465906
4562,1208.1025011724257
4563,2818.398217858166
4564,3101.4960100660883
4565,16653.439458487
4566,13739.790003435817
4567,1833.1183215465767
4568,2802.285009883117
4569,970.0677881857981
4570,1575.3497399901187
4571,1329.2413652767048
4572,13553.09190143007
4573,5306.851081774108
4574,2029.060008090204
4575,6566.259715283803
4576,1260.8142114300517
4577,924.9211624589979
4578,746.0316261101422
4579,816.9250339801354
4580,12641.12710645055
4581,11884.25351922168
4582,3101.787067389842
4583,741.8177256876068
4584,1389.9866491134876
4585,2730.229781842785
4586,5547.622894811939
4587,4585.644787266221
4588,7408.589117781004
4589,6638.488678390856
4590,1460.2713320521284
4591,1826.6100306643082
4592,1110.7832715752047
4593,3875.9661204364706
4594,6136.757480526553
4595,5270.446182178089
4596,9023.01467266473
4597,3082.230949595821
4598,6023.7346052142
4599,706.5970556206369
4600,14489.813315383906
4601,5680.473063553907
4602,2248.7021484375
4603,820.6480372824266
4604,7421.9404394832245
4605,8928.643684273598
4606,663.545890819475
4607,2091.075516302064
4608,3796.282213599486
4609,8548.782173141088
4610,1973.0089020531218
4611,1876.454299415878
4612,10522.784496170965
4613,1317.721065125446
4614,1236.3108131506133
4615,766.1355087078563
4616,7640.633183209293
4617,4651.3352873669455
4618,519.7275983647404
4619,9696.70502913601
4620,2408.617643307876
4621,15800.201400151873
4622,770.6184015532348
4623,602.3546635311337
4624,2050.7161311713376
4625,959.3008239573809
4626,1829.1232635910487
4627,451.45879048426707
4628,16134.686155289633
4629,2369.3368580509414
4630,4286.56854172675
4631,1043.280959189443
4632,16493.4816180334
4633,6677.818457347816
4634,1360.839059748733
4635,6375.96849460735
4636,919.0983432014375
4637,1006.4340235662329
4638,747.8316069301692
4639,1735.8925675050266
4640,1134.855565873919
4641,3103.0814170543026
4642,11476.038464815498
4643,965.5430059243176
4644,3102.281537150169
4645,4994.291849357633
4646,8356.024608247937
4647,2751.7110093534197
4648,4748.111956738594
4649,922.0689543627936
4650,2284.542439654875
4651,4663.39054849638
4652,16704.234865728835
4653,521.2416814361848
4654,11732.697152266508
4655,811.6917030509888
4656,9869.944876514115
4657,833.1619350923539
4658,3154.647566763323
4659,1816.756007694059
4660,10089.016535547276
4661,4916.313271996394
4662,2595.106966519605
4663,4282.879970667222
4664,1002.6108239681598
4665,4465.640933856934
4666,6087.263825038834
4667,846.1545049230864
4668,4352.9977638212085
4669,6174.223598707001
4670,2766.0819685631272
4671,11299.561726321626
4672,5703.239093805389
4673,10333.758881133981
4674,6122.826640754437
4675,2383.144682930467
4676,3819.605499802475
4677,5304.114186031583
4678,1015.7750640227873
4679,5358.098648163706
4680,726.5814606397498
4681,666.4165297694977
4682,8243.836516459965
4683,515.6255082627717
4684,5808.384211174083
4685,1245.8596145413567
4686,1001.0108922102853
4687,3786.8621424988196
4688,905.255169895389
4689,5293.983162547828
4690,2574.6347930352413
4691,8109.048691626015
4692,1135.7028207518943
4693,410.5481576361737
4694,779.807239784715
4695,10433.752870527118
4696,4132.593888725497
4697,2764.3663637069576
4698,4815.06525461164
4699,7062.828219275383
4700,2027.190926384624
4701,504.33042254560127
4702,5343.995889982835
4703,1837.342784322627
4704,2107.62974117084
4705,14428.105563619925
4706,2916.5693696630906
4707,986.6630340625794
4708,1304.5284634484835
4709,1775.4813765593822
4710,587.6206176245942
4711,4211.795349148333
4712,4600.232703552386
4713,1104.8047985599144
4714,2374.194764694674
4715,1915.1848473023638
4716,14750.547495641624
4717,721.3901602759532
4718,14099.798591152114
4719,880.0558957649475
4720,11494.843121241736
4721,4561.982238470604
4722,1614.1004168041006
4723,4399.192765386149
4724,5621.839028772695
4725,7488.636938965775
4726,2204.1556716433943
4727,1202.9183037138266
4728,608.1351984231869
4729,2258.2188676544974
4730,1189.9056864283973
4731,3069.296903305437
4732,7692.247022629268
4733,616.5698838069916
4734,8449.884221000253
4735,4668.907887871712
4736,4283.410058752464
4737,1305.5969701022007
4738,1939.6720752300087
4739,1735.6745635311647
4740,1734.2831928111736
4741,4152.393359268712
4742,592.6566514321185
4743,3733.5305314219836
4744,663.7829883259847
4745,16123.457731308243
4746,736.32589388039
4747,4531.519809164512
4748,563.4723526998565
4749,849.9180206781145
4750,3497.9349168534227
4751,414.28841489939873
4752,497.27970394732574
4753,635.1651718693893
4754,1062.268788960449
4755,4587.014207742376
4756,450.814353993766
4757,919.0233045255449
4758,521.9735776285785
4759,2533.676275424571
4760,465.3737116851557
4761,660.9492643945775
4762,3643.048566324382
4763,9121.799298897093
4764,2310.272910185054
4765,2433.5388485524545
4766,656.4067387912735
4767,1074.925807448619
4768,530.1958066698213
4769,6057.623647962441
4770,14121.63268899911
4771,1262.7651631999024
4772,1063.456700526708
4773,2119.612196012616
4774,1503.177328576358
4775,9513.890720105475
4776,914.9745191645295
4777,2251.396402864541
4778,3159.9702244368546
4779,667.2668883245387
4780,8428.30214115986
4781,1345.1618874133242
4782,612.0285852282436
4783,791.776120577069
4784,887.1312054778529
4785,4300.716155261101
4786,1524.2338806231044
4787,606.6910295773329
4788,603.9942487199262
4789,505.53179236832494
4790,11620.04068328923
4791,519.9217193782995
4792,15830.372420569727
4793,551.6372374015918
4794,1188.874937803309
4795,3374.675279550135
4796,543.4532530983489
4797,1577.6620301420282
4798,9683.503466628244
4799,852.0449932303802
4800,3998.1234641529973
4801,9398.281532813426
4802,530.1756732053635
4803,13130.367171567117
4804,747.71442669494
4805,7609.400151990309
4806,2630.3693893983136
4807,15036.187492841944
4808,1808.4856184276514
4809,5814.811599278739
4810,1035.7654397695403
4811,767.6256006496096
4812,7419.591187646642
4813,15677.395606970318
4814,914.7895300432197
4815,1983.0337008930126
4816,14604.859500259665
4817,10259.650539776014
4818,7632.3718019630915
4819,787.3059924264147
4820,10078.146405178028
4821,809.5091975047982
4822,2073.343113094828
4823,2979.0104592010857
4824,2212.2954332116783
4825,4592.658758895139
4826,2551.45852157522
4827,9586.814535682324
4828,1936.3614483331185
4829,9756.797454557216
4830,2995.518222108884
4831,412.16941302034684
4832,4845.498497472039
4833,581.1562818486666
4834,4370.031343027502
4835,15565.879834785816
4836,696.5241911221791
4837,12166.133049656324
4838,4604.980119179064
4839,946.6245744986667
4840,1724.518658273474
4841,17885.258736375796
4842,746.7315785063158
4843,2309.6672413152082
4844,727.0295537277733
4845,2126.5261892813614
4846,8797.121028929025
4847,1108.5935876426167
4848,811.918366012684
4849,693.4246022814999
4850,1956.647253697539
4851,686.7329434744388
4852,2130.597816448131
4853,988.2121737228169
4854,5575.799570469809
4855,5941.45721088131
4856,1662.8634786074683
4857,694.7558031201128
4858,3318.037171582755
4859,6950.579003925068
4860,2268.636237602255
4861,4028.7540978193188
4862,926.7034961092637
4863,1020.3922139709208
4864,1045.6039053327972
4865,886.6052529102898
4866,713.2804310294025
4867,908.4285331897926
4868,2209.1226138404077
4869,4231.50497996293
4870,5440.920264155749
4871,1081.0613236304062
4872,692.2146912423462
4873,2559.077798933552
4874,1260.4560416946074
4875,1060.100803720739
4876,768.8675171193673
4877,3339.2024041501772
4878,1392.5195084023815
4879,8727.229178697247
4880,1078.5321288927632
4881,2038.9416466380383
4882,4987.577908985177
4883,2453.3833558309707
4884,11150.625862190258
4885,1204.0135475302307
4886,14494.947083213632
4887,7085.626508072666
4888,7749.0648224059605
4889,754.8188806924444
4890,12433.152561442921
4891,769.902471983011
4892,2631.671872792597
4893,11776.777201248251
4894,12622.621455479479
4895,4885.87039510985
4896,7264.30352408872
4897,1734.2872083731945
4898,811.8370940563631
4899,7081.194549357613
4900,1147.9574582878872
4901,9385.362830499287
4902,6915.771926074057
4903,696.881601576827
4904,14079.952230232906
4905,2129.7186324279974
4906,3756.863632442621
4907,1253.6675618706577
4908,1516.5306792089887
4909,500.3466796875
4910,6456.559362172594
4911,1682.712989421053
4912,7198.644211213775
4913,4736.096686939288
4914,1952.7304869707048
4915,3467.42810337805
4916,6578.691905480464
4917,925.2761868607358
4918,6768.661014360112
4919,2081.2797347048227
4920,1017.2183880150909
4921,8030.8044831547595
4922,4187.521739336595
4923,2727.838616649122
4924,745.6348598946997
4925,7254.25218859009
4926,1245.481474712549
4927,5371.354886463326
4928,6241.86700969181
4929,4810.5731529428695
4930,2362.0097867624377
4931,4744.217939842128
4932,2407.947396721
4933,13639.739388391807
4934,1677.4439934879708
4935,1735.672203990049
4936,12606.402870121134
4937,802.6822139259598
4938,3809.5105044499182
4939,3096.180863606009
4940,696.644140179026
4941,1879.3468471074457
4942,14245.565134129161
4943,670.325519768613
4944,4202.53237314839
4945,654.5812715059237
4946,1244.6862248317875
4947,4706.3474259385175
4948,6653.067305350452
4949,5826.38555367464
4950,627.5983576005726
4951,4339.934691447606
4952,885.595327948087
4953,11455.850749983674
4954,3152.4918836663633
4955,698.5682958072239
4956,1669.89977532751
4957,1993.392359928355
4958,3530.230763430223
4959,8002.338617624687
4960,3803.186388771778
4961,2400.4115616574536
4962,4828.625225118277
4963,1374.6759841581993
4964,4178.553105300066
4965,15173.286639887696
4966,999.0828969482862
4967,14237.778532036917
4968,678.6103073724703
4969,2903.8549708107635
4970,517.3199783897056
4971,1819.2974171396222
4972,944.6486915729414
4973,8572.058283566226
4974,767.7039942186432
4975,1023.3326147309978
4976,4462.485811191673
4977,2829.518681491508
4978,3991.194873339765
4979,7504.619023756806
4980,873.7275953507706
4981,15274.177477325185
4982,16885.08359584746
4983,15154.952443864046
4984,5669.709701934534
4985,7282.812929332766
4986,15678.449584615715
4987,563.783962258229
4988,1129.388336997124
4989,3448.592238369523
4990,635.9054043915907
4991,1009.7775281526243
4992,427.9869995119884
4993,5396.176501241197
4994,1019.0874120089486
4995,2250.9269066336733
4996,717.3070939059021
4997,3329.7705486204873
4998,3484.755082753804
4999,2541.2377992168763
5000,2073.895076717813
5001,11914.320997458854
5002,689.4815856175236
5003,2702.9581759272814
5004,2403.242411945653
5005,523.4844376546565
5006,2426.2195914570148
5007,5319.85830479888
5008,611.3932984289744
5009,1754.0438111444416
5010,536.1006346521652
5011,9368.394381367732
5012,13247.963380442867
5013,8663.154816413598
5014,826.3535562166307
5015,460.457038518059
5016,1801.8248053578743
5017,2649.3985585370615
5018,2338.187628575223
5019,747.5391243440909
5020,573.7411937343522
5021,2128.6301303756104
5022,690.6011509414545
5023,7116.919896893564
5024,13432.553528413737
5025,7870.724436665694
5026,12258.287759790514
5027,7903.074761197488
5028,10818.550913214365
5029,2357.571603337619
5030,9040.68656577958
5031,5401.253996091573
5032,1253.708807385317
5033,6627.8370862215015
5034,2353.5968553430184
5035,1324.65750706654
5036,17341.41790541994
5037,469.69222977333897
5038,678.2649178359829
5039,474.4088117638895
5040,13081.225708480888
5041,14941.911214706603
5042,1040.3957209085388
5043,2668.98582176789
5044,3178.0301482240748
5045,12445.824817439086
5046,3613.3886657020216
5047,13483.327621853112
5048,2295.6374403557893
5049,1381.320326663945
5050,13140.230924909714
5051,980.505752353955
5052,1948.2671247494177
5053,1038.5143045657223
5054,929.4225335061634
5055,3852.729182913332
5056,1923.8275071820249
5057,2488.7932228160953
5058,6132.634724758995
5059,1302.2112413803216
5060,3498.1624691240836
5061,6122.245729962213
5062,5454.920253650313
5063,5108.533354355045
5064,10262.176633433073
5065,1127.7325868261632
5066,5135.074255213473
5067,5112.340221224807
5068,4667.465090700053
5069,4171.950276076088
5070,12331.84819778664
5071,1697.7149394113458
5072,3614.668990052957
5073,4950.845356151833
5074,743.7322818057473
5075,783.7017969693001
5076,6083.617108273697
5077,782.7222514684755
5078,1029.2098584765888
5079,4135.149573654964
5080,770.5901445127583
5081,554.8116229360286
5082,11213.68549796086
5083,604.2667707996849
5084,563.7513265455088
5085,1932.1485483308102
5086,4385.75773190517
5087,3658.5357683997386
5088,4820.859682808801
5089,609.6438283533324
5090,961.0332709815642
5091,642.3034853413308
5092,793.3283147614894
5093,5239.174410024338
5094,5874.2406828497
5095,794.598650008735
5096,634.2122784501595
5097,2108.8584910783093
5098,4792.470786078105
5099,3852.7325399066094
5100,6705.258807774285
5101,4324.6391355156
5102,1597.075702641118
5103,4655.354321226261
5104,848.9814798533594
5105,1073.1189785133909
5106,3082.488410521226
5107,1638.9446451366473
5108,1133.5452437108847
5109,9503.393064976472
5110,3105.852306883533
5111,2268.061315447676
5112,1354.9809860154128
5113,7469.297740287946
5114,3266.485712766638
5115,4736.212289333941
5116,4062.7377640406394
5117,2102.688546380423
5118,8720.439982077998
5119,562.7325692482584
5120,14058.97435955397
5121,6698.9149985713075
5122,4075.9287560503817
5123,2357.254077643008
5124,6780.954762278731
5125,3155.388261832566
5126,2701.3283506518897
5127,1899.0839465556544
5128,3396.8809337221114
5129,1271.4071380760233
5130,2681.8624812641215
5131,546.8283137227382
5132,3295.296134437739
5133,710.1467469519434
5134,3069.441091428344
5135,1351.8915778620083
5136,4609.632388035889
5137,14740.117095047568
5138,846.9411439447251
5139,1057.2614773169803
5140,3592.5010838845255
5141,4493.9591113767065
5142,1065.7953851303032
5143,8193.71145872679
5144,4182.212817428422
5145,1292.19500462182
5146,1979.1798070530076
5147,2496.162144220156
5148,11958.190900330996
5149,1015.1985189185793
5150,650.867659979192
5151,737.8597216033926
5152,498.05342483185484
5153,9196.932490872463
5154,569.0306272193598
5155,9795.587226852042
5156,773.9498094850227
5157,1401.244215257811
5158,11593.117383030234
5159,737.9769018386218
5160,8597.655809039503
5161,4906.462404340918
5162,796.1128031742678
5163,3148.2860364352323
5164,3376.680923820821
5165,2644.650386558765
5166,3413.4247896666134
5167,5187.753217696148
5168,7585.904614483174
5169,7346.616430062139
5170,3358.4853264427975
5171,2808.073435050891
5172,1683.6138107469367
5173,7153.283427765772
5174,3845.82688610307
5175,626.3568537322182
5176,3765.289696709239
5177,12420.882047384803
5178,2589.101396511652
5179,721.9636636404988
5180,881.492748035932
5181,1640.0747781024802
5182,1314.9362454652112
5183,890.1890466972909
5184,1714.6303411504978
5185,607.8620100084928
5186,4498.5051585709625
5187,8226.786512590968
5188,716.2459703672758
5189,518.0435166693441
5190,761.3935521373977
5191,5820.348402250906
5192,1331.9060203386537
5193,3457.6426551747722
5194,8059.629900824277
5195,5836.882361401298
5196,4007.2106998250906
5197,4570.716730882716
5198,6061.915632353038
5199,8523.104130624562
5200,5463.386087320467
5201,1074.8385553563267
5202,501.65811380875726
5203,2901.1098840772943
5204,3466.0625
5205,1695.8897740176396
5206,4513.4759075833545
5207,950.3058129882902
5208,2588.243691271927
5209,881.0107361686541
5210,3304.8040779983608
5211,10640.494568583204
5212,4577.232834421329
5213,407.96698544209784
5214,16512.845081155854
5215,1110.1495296341097
5216,6127.967431265263
5217,2114.921342700431
5218,584.823294759612
5219,500.0539502433188
5220,3144.1855729301055
5221,632.7162427595983
5222,2980.1952065893424
5223,819.4202024093912
5224,1022.4475201067605
5225,4206.497359080723
5226,1109.5937175925014
5227,6577.244935667972
5228,396.6218518003762
5229,894.9641764935851
5230,1986.5023758275242
5231,601.0856493401559
5232,1815.83608985367
5233,841.1514922211943
5234,486.3336284502494
5235,7236.769763741272
5236,15167.516337218893
5237,15091.606607935586
5238,577.4552539899037
5239,692.7240376839827
5240,2628.8691955395457
5241,643.6361147086991
5242,2996.019100427683
5243,1753.2682649004287
5244,1415.758670847551
5245,1229.2427270191297
5246,3932.0548483361595
5247,5445.283470610782
5248,789.0391756272235
5249,2209.709804037104
5250,444.85519771736045
5251,7504.810664674744
5252,1812.806763097043
5253,690.6797313676888
5254,1401.4030493691155
5255,632.3950344333513
5256,1409.405053189028
5257,17622.748718330924
5258,777.648981454649
5259,5013.542088283093
5260,995.5405851771849
5261,3065.989909220107
5262,2328.751776366571
5263,1747.8226776624485
5264,4957.70093472956
5265,5244.230288210973
5266,1631.5059451925729
5267,796.0303974477415
5268,1109.540749790841
5269,1129.414988042166
5270,14687.220683547224
5271,3931.498273426831
5272,16159.398845570417
5273,6311.295637420553
5274,4075.6002112993215
5275,780.1765839400312
5276,583.7471710346498
5277,4840.005056403547
5278,2035.847588883812
5279,3009.5126861033864
5280,843.8662969552373
5281,1314.296429153419
5282,492.1352667303329
5283,883.3221798713472
5284,1574.656072379778
5285,767.9940261709437
5286,2062.792341774589
5287,5327.244498781711
5288,3099.26100943504
5289,5518.169471840815
5290,3476.618356503897
5291,445.810210599648
5292,2143.2529575677654
5293,1015.1599812715028
5294,4243.450352419592
5295,2946.77351563725
5296,2207.3756065726643
5297,8452.571116761947
5298,768.9715950418883
5299,15185.634148994126
5300,8143.141706827336
5301,3667.262730791692
5302,1161.5241293000925
5303,2098.8161188290214
5304,1213.210370729081
5305,867.3769025395942
5306,2147.7517806478386
5307,602.101698150474
5308,7422.350454416401
5309,7925.249318408482
5310,4267.153094671912
5311,4520.452850733135
5312,1663.5555716828962
5313,964.4219727580781
5314,522.7004881021805
5315,881.492748035932
5316,1030.8867044208241
5317,560.678682902929
5318,1830.2844437379838
5319,2623.025184714069
5320,480.58213171578063
5321,1408.3772508383036
5322,6326.547424009871
5323,1597.1137662974547
5324,4345.449505416337
5325,1883.794175547489
5326,2517.200169774911
5327,1065.8574976540926
5328,519.7475788357332
5329,2197.53879426479
5330,4177.4396579544955
5331,3609.3498002411566
5332,6385.923499083568
5333,922.8844336754745
5334,699.8552135395965
5335,3355.9098610383166
5336,8526.680882893044
5337,10479.556167625049
5338,9577.719350896556
5339,2783.279947578665
5340,1686.4000479151343
5341,778.9897473557781
5342,961.7316565968537
5343,4236.455672602389
5344,7764.671719566539
5345,9892.590228155907
5346,14365.768039187431
5347,3021.092453771197
5348,2266.7946645448556
5349,3027.9087225754333
5350,780.7543184234314
5351,812.8099334925269
5352,712.1365242828425
5353,2230.3446053566036
5354,975.3130664471453
5355,2790.5072292912896
5356,17683.925564462996
5357,10008.632231804124
5358,1617.8471191204749
5359,3169.493757164189
5360,907.2705341152505
5361,3523.4410662105442
5362,1321.7668519711658
5363,4056.984438700333
5364,1558.925421240531
5365,11476.086935189996
5366,545.6168369823638
5367,7066.790311496428
5368,3934.6621772242192
5369,869.5884950516892
5370,1478.7473857803898
5371,3277.3226227338646
5372,2011.2812069937422
5373,10608.164495533152
5374,4047.496918487898
5375,658.3905221006546
5376,1920.943494809645
5377,1094.096612313164
5378,16569.695251879013
5379,9541.443551980628
5380,3209.0496611884505
5381,644.4665410126019
5382,1236.4262066665533
5383,4642.408239124398
5384,16061.846098669565
5385,965.9587767735792
5386,523.963724742981
5387,1685.5518629631526
5388,752.1279185178701
5389,8665.374928012634
5390,912.8300539895974
5391,3790.9849249009376
5392,5679.085786095911
5393,4330.535067294179
5394,643.5200466630015
5395,18000.0
5396,7207.860361532964
5397,3553.373916491063
5398,720.788130351441
5399,2524.610896965646
5400,4125.708585277776
5401,7278.120560234788
5402,17072.659654728886
5403,766.3290799275844
5404,3943.9198402085567
5405,7874.888668982404
5406,3942.185657760852
5407,6422.402142324515
5408,2047.0220378743313
5409,1011.2907887326176
5410,7681.518576726922
5411,1919.265472259939
5412,3494.381795374137
5413,13436.831804433814
5414,8065.858814889941
5415,16005.671676239137
5416,1412.3796602857983
5417,1752.6409439820943
5418,5216.553122014499
5419,617.7120061392867
5420,1122.937824597974
5421,1775.6962148564467
5422,7919.92341348773
5423,7462.7234673297935
5424,2144.6499667499265
5425,486.68299932684107
5426,553.3154926566319
5427,4506.911874759053
5428,2246.9627017913235
5429,805.7117997468642
5430,16896.1460779226
5431,568.7836251631195
5432,974.5797795862164
5433,9647.305713028372
5434,2327.9128232504495
5435,5857.160563054033
5436,2765.4865484974102
5437,753.7631832004827
5438,9569.986379468577
5439,869.294056152296
5440,2335.801145738611
5441,1844.6904547084475
5442,983.1431860121719
5443,3572.764359187974
5444,1405.5299888468123
5445,6375.073463518359
5446,986.3590575404403
5447,4015.739676206299
5448,1894.9394453524487
5449,539.6436362005591
5450,11733.30978653157
5451,7943.871175709825
5452,604.7060658411493
5453,16635.66177249117
5454,5267.5470878133465
5455,1611.7273981661574
5456,5156.753080978334
5457,1865.3900784881207
5458,2645.516880753567
5459,924.5227585645886
5460,2116.2283548903542
5461,407.50026642026705
5462,4125.435588747527
5463,608.9843495002134
5464,3651.780734413481
5465,3219.732266859106
5466,2955.577594464463
5467,856.5347766906102
5468,5258.979589182661
5469,2329.35302722359
5470,1969.7119340288882
5471,5672.485197678699
5472,3816.241699220136
5473,2119.873719945253
5474,12004.00139543754
5475,16074.436648674427
5476,4191.127296446787
5477,1203.467335147493
5478,1047.3323905814655
5479,9835.165678439522
5480,655.3637600095533
5481,883.4762571073239
5482,7591.882133669969
5483,1579.3503221189378
5484,452.449669123408
5485,568.9146134184782
5486,6387.680574875921
5487,5317.389321690382
5488,2012.6474110863908
5489,1126.4353571994475
5490,4611.859893056546
5491,1125.3782610921617
5492,1204.3973204323886
5493,723.69618647173
5494,898.0970408387528
5495,868.2256044599059
5496,14167.584957011612
5497,6282.786712611773
5498,924.5216109484871
5499,4676.680225697159
5500,503.7574053090413
5501,1120.3301637396753
5502,3539.6482317561135
5503,5779.574067509604
5504,7025.0486975555905
5505,592.7222733126196
5506,5219.479495952166
5507,7793.323396727773
5508,831.6724825171319
5509,490.14069100648175
5510,1698.9674692157766
5511,1728.4636512728675
5512,3619.9541545675015
5513,1131.407565937237
5514,4885.5097471755
5515,5007.210704189421
5516,810.2590249844048
5517,717.3070939059021
5518,4535.89166894074
5519,5132.736117337674
5520,8825.398699554597
5521,11314.45226207816
5522,11147.48199450987
5523,2015.239033420297
5524,600.9806518514032
5525,1480.3418615287255
5526,6120.29943375752
5527,1018.5304303098103
5528,776.5689917667142
5529,2033.8612230008005
5530,406.57943403442863
5531,1752.792280512633
5532,792.0490712072325
5533,4476.857332012612
5534,538.3117385147611
5535,466.26243514131363
5536,3982.50348915543
5537,3102.8445775974023
5538,4635.084051006773
5539,3703.0244073452586
5540,3363.618108222144
5541,679.3464596770696
5542,1105.8945791202957
5543,1469.215940888038
5544,5892.043717361201
5545,794.5595627339412
5546,1236.5167804981381
5547,8874.095677239591
5548,4725.172266046734
5549,8505.062388888406
5550,699.8535883444462
5551,4989.047467110248
5552,2757.838387723431
5553,4294.613044694528
5554,919.456803656986
5555,3294.036306362157
5556,1718.7195225430778
5557,6249.276005031012
5558,1937.3877141925498
5559,3858.8685772796
5560,822.61403898211
5561,14921.198130163773
5562,664.7755506667874
5563,726.4018149581506
5564,7666.642578945735
5565,5746.469033795851
5566,16196.115909553226
5567,13959.84893921752
5568,799.8775023711012
5569,16458.544474473998
5570,1245.0465307043803
5571,458.2474486882692
5572,589.6029657081085
5573,1854.139192500834
5574,775.8978262415942
5575,444.74964883463196
5576,860.3844581600364
5577,7184.841264029496
5578,1054.5873370776346
5579,534.2650666321837
5580,874.1543479468752
5581,4791.775838117179
5582,7571.689828275118
5583,701.122262131653
5584,587.2816887586763
5585,795.366576680216
5586,866.2480311853981
5587,706.9702714159915
5588,4485.709393524471
5589,4857.682088301416
5590,12336.648627886014
5591,1686.4000479151343
5592,2139.412353474177
5593,712.4393899266515
5594,622.961993311932
5595,568.340601163025
5596,1882.8768744079343
5597,11241.313615186975
5598,15821.614313345106
5599,2280.7050169471718
5600,1819.6642536117379
5601,923.3150536268156
5602,2510.333960585003
5603,2738.517374843191
5604,14693.25314224322
5605,2195.0367546115144
5606,4990.457995469988
5607,1063.4639465479158
5608,6995.707157231703
5609,573.2594952408249
5610,1905.8338135786205
5611,13075.221881493364
5612,5107.0610127829505
5613,899.4374267064328
5614,2701.949356274183
5615,10635.893168319793
5616,5678.199174232447
5617,15090.344127579749
5618,1725.1919479729381
5619,516.8837057049443
5620,1149.0879267571231
5621,6741.496244215846
5622,416.665354635057
5623,2714.422735361851
5624,843.9142109875347
5625,892.7493612498572
5626,4000.424700634681
5627,1818.5432821774268
5628,2196.733996975671
5629,2256.7865382663776
5630,1593.1595097566383
5631,3775.613269452839
5632,1057.7516950412103
5633,5129.122909844644
5634,541.9196406638199
5635,6523.832962200444
5636,3154.476073129812
5637,4696.4639681551735
5638,1862.5257947782527
5639,927.0292680258051
5640,2035.0784443699492
5641,1019.5390772394002
5642,528.210162032212
5643,883.0110001044715
5644,11188.74351293266
5645,6454.873802595565
5646,5099.771724369145
5647,2429.090768137221
5648,11436.198326955471
5649,894.9036869237062
5650,692.1206148605772
5651,5880.430052653149
5652,868.4737417658845
5653,3043.4641776969097
5654,4382.6893273411515
5655,852.0449932303802
5656,6100.086042340941
5657,1023.8549477559917
5658,3837.68226819045
5659,4765.456674865813
5660,571.3678469380118
5661,11253.037269964369
5662,1071.8401078299066
5663,4034.7755874863838
5664,649.6215011767093
5665,2381.912372709934
5666,852.0449932303802
5667,495.28501557212076
5668,947.3899241828302
5669,3477.2305195413414
5670,1279.125
5671,2572.976065694093
5672,6681.939206558246
5673,2108.168102838936
5674,764.8043688001895
5675,1240.595703125
5676,3395.3343435587844
5677,4602.468785453581
5678,3661.601838587113
5679,700.99238338277
5680,12173.12868282145
5681,2968.013905834243
5682,699.8192079551329
5683,855.8739056561977
5684,1993.7371686969902
5685,5869.1666187250785
5686,1006.2008887480138
5687,606.1965576299224
5688,3622.920860495476
5689,5423.869608730143
5690,931.6942881751041
5691,5774.147847871137
5692,3228.47467409762
5693,1585.996852145263
5694,654.5812715059237
5695,1024.9062025693968
5696,2306.580705184271
5697,1819.0194998998975
5698,3355.4690813254724
5699,593.015323370034
5700,1336.1247042943094
5701,693.7478799940733
5702,3656.2161958068946
5703,3020.8119007944765
5704,1359.4438383749828
5705,5696.010250095802
5706,7703.607385904664
5707,5067.67861156192
5708,520.3062929707905
5709,1127.393053904225
5710,8235.01807405759
5711,833.0459489263772
5712,2172.48419429439
5713,4468.534999105933
5714,1182.684966725453
5715,2998.352553500704
5716,4510.293533718968
5717,1014.5864933183451
5718,1374.892215600078
5719,2788.820856008518
5720,3239.9085420177194
5721,1921.219030115232
5722,402.0270687186258
5723,3454.0298373334435
5724,3308.7487775806176
5725,1946.3110966123381
5726,3357.2272157146294
5727,1586.6013924986544
5728,3028.1029450569126
5729,6500.90080667885
5730,1358.773213690163
5731,1249.7712236009945
5732,872.8633208349723
5733,1330.2143033523853
5734,933.9533324509406
5735,15535.75774693187
5736,750.5859548584232
5737,2870.496704610008
5738,572.1563894030032
5739,17312.12800479539
5740,517.7793274157989
5741,7036.420513311006
5742,4539.300300303727
5743,923.1568556932626
5744,2662.4593457543933
5745,2102.2579471201416
5746,646.7721543935035
5747,1429.9765452846013
5748,501.3317369482813
5749,13671.297194587505
5750,1829.9918191932752
5751,868.6973733160601
5752,1121.972292810565
5753,2355.8309896655114
5754,1097.0467877323215
5755,2205.2908793201536
5756,4657.661268078604
5757,2513.779582816037
5758,3084.480572168013
5759,4207.380353485746
5760,1055.5782485965485
5761,8726.316429222112
5762,1318.5011550126276
5763,4555.825492922779
5764,1817.0278779224157
5765,5447.385288036076
5766,5494.752379396871
5767,538.0104266104296
5768,2486.713032853135
5769,4283.0551476885885
5770,3978.7472280171382
5771,16901.61973110101
5772,2105.0936289245874
5773,889.348475963492
5774,8440.698069083362
5775,1017.3636696557483
5776,1103.8197295183293
5777,3433.391855576737
5778,3955.382439977887
5779,929.4870804706353
5780,12015.01086838078
5781,1898.4574904504027
5782,2580.650574984641
5783,5106.311481798042
5784,2182.63610795537
5785,2089.7588382023155
5786,887.8111395422928
5787,6537.547053176043
5788,12959.613762312698
5789,3937.4094185259137
5790,3261.45978357471
5791,10772.196547874966
5792,654.441481991636
5793,1863.7002919151676
5794,849.5077028581542
5795,639.66133225318
5796,932.666685299166
5797,4539.361951771264
5798,1933.9774657563628
5799,5602.199770209694
5800,12462.5222926305
5801,2784.328555894011
5802,9689.56776474602
5803,1965.1145532711664
5804,2957.1510536920864
5805,2862.014055841255
5806,16360.636897303984
5807,7943.001434985149
5808,983.8213660107854
5809,14561.940514394024
5810,10876.26534746732
5811,2868.7502959391522
5812,6733.007572181049
5813,5793.720489388927
5814,17053.765387856314
5815,7074.376395255233
5816,1083.855876170907
5817,965.227376600478
5818,756.6937599847289
5819,13810.525795265678
5820,3556.139704026336
5821,9769.559823283042
5822,4667.402574638212
5823,636.6666061391305
5824,9401.464603017117
5825,1573.3065590244692
5826,5016.827846764292
5827,1647.4747301065188
5828,11463.619783928607
5829,900.2699103921643
5830,510.46297487967416
5831,9327.907380111057
5832,1419.8446751412132
5833,2232.948967397799
5834,2435.184598267153
5835,1084.9419754048267
5836,646.5469369760941
5837,3673.6430318531934
5838,5095.627141069131
5839,9365.967701157353
5840,2343.165906346051
5841,1785.8188174351874
5842,1772.7431528765746
5843,1451.1522659265222
5844,854.7865250313815
5845,479.75294391404043
5846,728.08760114762
5847,682.4880610973916
5848,8197.361763396872
5849,868.3068692790306
5850,4368.884010532283
5851,736.1898749464917
5852,733.3233813777642
5853,2150.683843272693
5854,393.9702694737852
5855,3029.5066449179176
5856,17685.855367032276
5857,9831.132603669843
5858,3844.478082579899
5859,3748.568611911141
5860,467.4006787093176
5861,2669.779148264753
5862,1372.962584158377
5863,4479.267998608059
5864,2129.550683457106
5865,863.4759093360898
5866,2800.828799689822
5867,1700.26507303119
5868,2227.4340318059844
5869,4402.041975674125
5870,1308.1752060429942
5871,5484.849533456708
5872,2801.9405035399895
5873,3005.9979232764044
5874,5293.46171454995
5875,2585.5258853118703
5876,2839.4809097287716
5877,1751.500141023694
5878,2395.077932590656
5879,7141.3472406774845
5880,2867.860986109402
5881,881.4477161837629
5882,764.6496367858327
5883,2180.1496747948227
5884,7143.138818695617
5885,500.8253953261325
5886,941.1588439606991
5887,2704.9924773556363
5888,553.8902498497738
5889,1013.5222753197733
5890,696.8203630069747
5891,2614.1196264393084
5892,697.08329867694
5893,1723.6537979796553
5894,4116.491940741483
5895,1687.6559512125837
5896,454.8435401852292
5897,2789.8945977439357
5898,4532.864446106585
5899,4805.580830172092
5900,929.4069956599776
5901,2316.764042676754
5902,509.06205039250636
5903,6540.780890312516
5904,3122.794027836428
5905,4769.882138900538
5906,644.04798313371
5907,668.1370420010146
5908,7401.394893461665
5909,5304.21281702947
5910,766.9492720309736
5911,1888.7626279627152
5912,641.4455587354224
5913,736.2618196073332
5914,1777.9918057941265
5915,504.4877506064584
5916,3180.5473509047665
5917,2444.7689545327294
5918,627.3758972192522
5919,1248.5321415125047
5920,1875.612989088391
5921,530.4889967156942
5922,2265.5776783383208
5923,5061.695639466194
5924,4347.314484424507
5925,5896.605853518287
5926,1307.7891191302456
5927,1876.8343434818594
5928,1623.7078977895897
5929,11105.34993513952
5930,1951.1192522367319
5931,3971.3010090356506
5932,708.2567302144276
5933,400.60501493324784
5934,722.8979706740549
5935,815.8872387514941
5936,606.4752380239208
5937,2223.146399711512
5938,10278.449397980223
5939,13569.59959793789
5940,8869.229025333032
5941,445.99354379973636
5942,457.8094997801805
5943,10805.247010362647
5944,1711.1201276458876
5945,1006.2859145121728
5946,803.4206642277882
5947,9110.471342384475
5948,673.736319494027
5949,2387.3054134344957
5950,848.345490183569
5951,10813.840234454432
5952,471.5278331471368
5953,1147.8947091800346
5954,610.0336153308891
5955,5665.224434173341
5956,6017.498689343558
5957,1974.141500097473
5958,3089.6981526426734
5959,4658.625627265449
5960,984.141232138489
5961,1624.150048648243
5962,1140.246273850218
5963,8068.215775117142
5964,12339.517439739595
5965,5056.314037474643
5966,13589.108083744315
5967,940.2203400077109
5968,5678.6438546958625
5969,12505.881298251481
5970,10848.929923382779
5971,719.2564615883098
5972,3737.2595304628126
5973,2747.2005682870135
5974,742.6809206327202
5975,5478.027140193109
5976,2803.0209089495997
5977,594.4855520619344
5978,3000.482975939169
5979,867.7112257322117
5980,15927.103572237012
5981,1726.0245713327433
5982,2112.978628215385
5983,4200.116694767666
5984,14121.63268899911
5985,2458.841834255545
5986,1333.9940659481636
5987,946.5879804447761
5988,9369.09313431774
5989,4701.502655692194
5990,13071.750627549422
5991,2133.406499485626
5992,2126.3806559899103
5993,995.3982561781445
5994,1686.3635635680937
5995,5990.317577259802
5996,3126.9612741730098
5997,705.1464348164478
5998,533.2130255341986
5999,7344.718520622241
6000,626.7255304987294
6001,2668.9302484419823
6002,884.5195427770035
6003,1508.551183891562
6004,3030.6215970643193
6005,1315.6009173103264
6006,708.2567302144276
6007,1715.808501663858
6008,690.6821908640915
6009,508.7830827342893
6010,12885.000800623855
6011,7037.750527175712
6012,1652.5788027645094
6013,845.985495750995
6014,7477.715779493588
6015,6518.813229607328
6016,781.4208713848828
6017,1503.3099766723676
6018,1303.7472979106549
6019,763.3854947301128
6020,1885.7515573691837
6021,563.188241286486
6022,6339.434733357047
6023,636.6666061391305
6024,2604.2451417702455
6025,2372.733309759953
6026,4780.471515769496
6027,2434.777696005265
6028,3382.495514688253
6029,1760.2113983447105
6030,2070.0435873618517
6031,1806.655391685297
6032,1650.0893138630224
6033,536.0978954391421
6034,927.6846684713904
6035,10266.255073864728
6036,2172.971577315038
6037,5838.440898954837
6038,866.2527310124292
6039,9799.115653368763
6040,7661.636956020506
6041,3891.6665010160323
6042,996.952229257756
6043,1724.8675724379168
6044,862.8967805442854
6045,568.3247918492078
6046,3852.516081244204
6047,1385.972534784864
6048,6691.500321991193
6049,653.9745099974238
6050,8370.07997451173
6051,3972.9056558364773
6052,2849.96297759786
6053,706.6179312706124
6054,6196.549153610982
6055,707.7423884848008
6056,3349.1033023245886
6057,1770.8178589146767
6058,5073.59332217412
6059,4489.892366482361
6060,4029.443976381508
6061,8880.134132621086
6062,924.8760317610604
6063,4308.689890522458
6064,782.257136791753
6065,5822.5480504887755
6066,6651.119918869739
6067,865.478104859336
6068,669.5827435572003
6069,2338.2479181734616
6070,6090.728105706697
6071,574.3664822006655
6072,2910.5824022565416
6073,1237.6283595059872
6074,14060.286403370115
6075,1164.258703446126
6076,1133.9655122392044
6077,926.678166117435
6078,2342.332936122571
6079,4661.921725573955
6080,901.0691156855435
6081,13105.61486780212
6082,3029.1490498267135
6083,2209.785229747808
6084,4802.418066869823
6085,17007.083253478624
6086,2395.8165125109076
6087,6429.198028104098
6088,4390.05314809363
6089,2012.8301559427773
6090,4971.487000705403
6091,3670.7826936097986
6092,486.8122200274887
6093,3209.91015625
6094,706.4641249819207
6095,1354.3572492046735
6096,499.68693417652753
6097,574.8388967913077
6098,946.1143111220482
6099,1402.449778523471
6100,1002.6934882119334
6101,736.2120533786799
6102,706.5746558555825
6103,1326.1345009509828
6104,4159.983104895862
6105,1261.7301140651143
6106,3110.6719669925487
6107,1842.4679649295579
6108,990.2951948116417
6109,649.4713423938634
6110,4960.922515003475
6111,941.7942731061149
6112,1733.7216017191092
6113,3333.177462270002
6114,1249.7543171727448
6115,8555.92538459469
6116,3309.497283847698
6117,10449.362520681785
6118,4178.599272827402
6119,4619.505413711138
6120,15950.159005162139
6121,7232.402340587861
6122,2209.905714016012
6123,1820.4256578767906
6124,9934.19397264823
6125,11518.30779176715
6126,5302.3517755701705
6127,813.3813595696272
6128,3074.6990055939686
6129,3127.5730867084703
6130,7017.1030557631475
6131,830.649963787616
6132,613.2403861517603
6133,1517.9535400392158
6134,2007.1993804726987
6135,1034.6984442725511
6136,4733.439311645744
6137,3744.365772790194
6138,1724.5196793796135
6139,592.8673374037119
6140,3707.078380297392
6141,4485.279393810942
6142,9259.249487070649
6143,1471.1819455588725
6144,3998.3366174932717
6145,608.1863589917416
6146,1957.5257265846546
6147,2018.7154572199954
6148,4791.018637490807
6149,471.96241394848056
6150,987.6748353837517
6151,476.16551734747037
6152,863.7469464523865
6153,4904.52721496434
6154,710.5284165782787
6155,4045.6575603108827
6156,1106.0158123961755
6157,9458.70257190632
6158,1395.345249863426
6159,3137.847660303654
6160,852.0295291238299
6161,1021.9902022699197
6162,9311.447603330005
6163,2319.228580885842
6164,1683.9849943918912
6165,2751.7239131663523
6166,2697.05914346964
6167,3330.514906737055
6168,976.5002484063922
6169,1034.0803859721036
6170,5117.327428081751
6171,4580.266399607416
6172,2665.509538658771
6173,3294.8044011531842
6174,469.2647118524917
6175,869.1183708066102
6176,3836.2057262794747
6177,453.3892835749356
6178,5187.9405366315
6179,899.7917272808569
6180,8225.993742379585
6181,1710.9111551602414
6182,783.0664410751637
6183,416.8197903203695
6184,7678.6284144456395
6185,4611.170962051601
6186,5615.108976277196
6187,5095.907079340317
6188,5976.35809902233
6189,1917.5914810839547
6190,855.2009365401483
6191,4509.796781511427
6192,14812.838772154493
6193,1772.9676261619472
6194,1092.2323730053295
6195,1960.6985326648723
6196,6297.080463969795
6197,1855.8795737778821
6198,3346.5350866492695
6199,889.4023602256002
6200,1720.4824872350798
6201,10420.69866424552
6202,1692.08963167996
6203,1654.5751109075302
6204,1435.1795398762035
6205,747.71442669494
6206,3144.74876494791
6207,6441.1968163266465
6208,2679.607469930413
6209,2177.5195072855176
6210,4421.426853990077
6211,4309.29473776435
6212,987.7688360173026
6213,1713.0818424907918
6214,4340.054874880543
6215,1832.2535925483385
6216,1232.7134282070356
6217,12466.585390271748
6218,4205.995128870485
6219,1594.1245684274904
6220,977.9200048309509
6221,14125.388959243388
6222,1671.4171013507641
6223,2243.2881233466546
6224,1599.4924864833263
6225,574.5783920363501
6226,13394.4399123046
6227,3375.571924475081
6228,819.8826882611551
6229,1677.6463110083607
6230,3528.262526808895
6231,487.3749183894406
6232,16424.52529296875
6233,3059.7691518454717
6234,899.7401589277185
6235,14627.171949463429
6236,3824.224165839266
6237,4151.4067146230545
6238,516.3204392642253
6239,448.8646989527544
6240,4180.015593281881
6241,13056.578973225214
6242,4574.7502183655015
6243,2597.960296755643
6244,586.2516422417962
6245,1825.2171609654038
6246,2007.9047600263434
6247,8220.052311113512
6248,1028.983683449033
6249,3043.8602553745336
6250,6616.421573174092
6251,2125.912472865988
6252,8180.68998811422
6253,4190.666550341765
6254,2330.710680762122
6255,11253.158875323368
6256,497.4660131875251
6257,753.057824250099
6258,2255.8974021128934
6259,4643.92112142717
6260,5499.2323381522765
6261,1800.703993158314
6262,7376.239998540705
6263,690.0110574027829
6264,685.7957699144075
6265,3123.271668064636
6266,910.6272839318657
6267,2678.2220335308434
6268,1122.357197934616
6269,9225.8578992792
6270,2215.0420111280973
6271,644.4187911505055
6272,4809.885267044603
6273,1640.3197314313118
6274,2101.5145479980893
6275,726.0478318669685
6276,5070.084755406953
6277,9078.653654012398
6278,11742.527485557091
6279,2767.3402170936292
6280,3035.6043398839543
6281,654.2548212756795
6282,1831.2732990896461
6283,6882.78524293263
6284,602.101698150474
6285,830.9378026513298
6286,913.1701230759504
6287,9801.803426271515
6288,15683.551435126641
6289,1337.2213741736973
6290,15660.810428877543
6291,1495.816029312704
6292,4728.189594511221
6293,1827.9558474733312
6294,12085.81469752992
6295,1877.935521658234
6296,5139.213126986179
6297,16615.852907123422
6298,3129.513371252985
6299,555.4274075639487
6300,3612.1804004594505
6301,1402.060995480796
6302,9898.787283733402
6303,706.6355224291892
6304,1817.3122955126066
6305,6731.552202882238
6306,2095.436695438742
6307,4459.043742184891
6308,648.6868538535065
6309,4099.202705764359
6310,2602.516462851117
6311,11381.877349737977
6312,13136.234729442049
6313,845.5494189854502
6314,1586.4194141362411
6315,13652.636464314906
6316,697.0598217119242
6317,490.916936709486
6318,7164.512077271823
6319,1208.2539632713026
6320,8101.660821227784
6321,4688.720529034077
6322,795.8464428654581
6323,539.6523890516806
6324,6070.682074989699
6325,4001.5100779132868
6326,1101.8058210530899
6327,6107.451174616148
6328,8901.778299667889
6329,702.2626421102104
6330,2969.5980629083374
6331,1188.6173972065862
6332,6634.312426155961
6333,7895.434760035204
6334,12054.2385275022
6335,9689.362392292544
6336,6017.000348559254
6337,1866.746898648589
6338,648.996044246369
6339,4783.665318250621
6340,1353.9894900630504
6341,2657.6854936113086
6342,14121.06458651017
6343,1022.8798607939034
6344,5769.818767172105
6345,458.71000103327174
6346,1334.1703315383945
6347,7608.237114474532
6348,6116.164094454238
6349,1876.4718853021182
6350,4998.895552197698
6351,3535.1355670272433
6352,1856.534192496142
6353,849.5748575638402
6354,1321.4612254030615
6355,913.330041392838
6356,2703.6294233149983
6357,2502.1694221680627
6358,1630.430557375639
6359,2838.974037624598
6360,2038.1399543420944
6361,759.3563685261828
6362,1781.3947553976793
6363,1312.8588071601255
6364,603.3893127339553
6365,4813.84894496265
6366,4600.1398657490745
6367,918.8417381574858
6368,584.0026260540865
6369,4120.738961323029
6370,5407.9818546804645
6371,5666.907854295832
6372,9302.933296274758
6373,1957.5693160699716
6374,5700.283091858021
6375,6387.768747570379
6376,1371.7106860815138
6377,10032.377943615948
6378,6531.531065878834
6379,3297.905067094977
6380,10737.653518707606
6381,581.4519742284418
6382,12126.481368668592
6383,519.4964272258355
6384,4884.770665278569
6385,4923.500264761816
6386,2020.8998670901192
6387,15951.01252179465
6388,673.2575644413486
6389,923.806734272106
6390,593.6537490416724
6391,630.7649419654218
6392,1774.677681913165
6393,2251.7946307578086
6394,806.4095904742675
6395,452.6838733820262
6396,7741.507240720414
6397,955.9480877761442
6398,3157.426838336335
6399,9907.21485558712
6400,518.6296762866513
6401,15590.631349289135
6402,1400.3256588489594
6403,8228.009490256572
6404,3999.7187954587785
6405,692.7615741383046
6406,1913.2998209305742
6407,5551.810266411905
6408,5319.968620710868
6409,531.1962717287354
6410,2026.7597276413244
6411,6835.387513230473
6412,1643.108486662563
6413,1439.6831269691143
6414,774.9607021947265
6415,15922.842641059156
6416,1472.5527458821068
6417,1064.1729524199777
6418,10016.551147460938
6419,4599.667686321905
6420,12609.942086047567
6421,603.9410188743868
6422,4083.65659147778
6423,1852.1601646376062
6424,1958.9160545258703
6425,783.7017969693001
6426,1548.8859706906985
6427,4425.791167293811
6428,923.3888258850959
6429,638.8229341794515
6430,1361.9647408438811
6431,7352.850068232304
6432,694.1737421255322
6433,6582.049548957886
6434,10818.550913214365
6435,777.9495443499884
6436,2302.374903388715
6437,1971.6135856627373
6438,610.6685227861236
6439,2260.4505242928662
6440,15638.256308365315
6441,4382.309484470072
6442,1833.8324025426602
6443,2727.895579812041
6444,1973.1019171077642
6445,850.1306845345855
6446,1298.4507011177457
6447,13445.002291795561
6448,9970.666331436947
6449,636.7979743955741
6450,4435.487272772126
6451,2406.17386515378
6452,4156.279642792218
6453,378.9188586619266
6454,11154.86506796953
6455,7662.4506623846855
6456,505.4689526176576
6457,855.7942366792549
6458,1360.636976709876
6459,847.5943561793748
6460,9975.737602314286
6461,10441.940773967439
6462,4809.169818120454
6463,725.7954912832728
6464,710.1673239319445
6465,1421.8864155201368
6466,3729.938320704307
6467,7943.55742936399
6468,6281.274583183149
6469,4367.188903391692
6470,617.3870906671295
6471,1149.2650338978617
6472,2109.4963849734477
6473,2146.2333877070164
6474,419.16166586903245
6475,3779.020082223296
6476,2788.7995033081743
6477,769.7480044322839
6478,6067.221973982097
6479,15730.379434711529
6480,698.2231211486094
6481,2240.965303879856
6482,928.2945378089775
6483,511.9815350351781
6484,623.1098347160845
6485,1757.0645362868536
6486,3193.5078648927724
6487,922.2358848291177
6488,7049.214586883107
6489,12199.402537334778
6490,14599.89095486466
6491,6361.570484304945
6492,626.5471500161024
6493,14039.202123398974
6494,2605.7766054757635
6495,456.03939152948044
6496,4101.525864237514
6497,589.7040257072446
6498,2802.7323574327834
6499,5717.482600253473
6500,985.0466114530085
6501,839.8561325238685
6502,2130.679892081382
6503,837.9802955841875
6504,4548.415103907906
6505,6428.299281079197
6506,5137.171592244222
6507,7108.783941869919
6508,3015.611541477878
6509,552.3175401260464
6510,1578.5894738902623
6511,1514.762560187714
6512,2281.2244081960453
6513,5492.256762688708
6514,3569.040853396576
6515,15246.335804347616
6516,1376.7491208577114
6517,6177.975566229342
6518,5500.561024822967
6519,889.8240538870776
6520,17115.263559173636
6521,6609.058132562234
6522,614.5179200008221
6523,687.3477304330399
6524,9256.27044528931
6525,3896.762065296475
6526,7580.3388671875
6527,14847.356538662129
6528,942.3691385634063
6529,654.0970373880116
6530,660.010220511689
6531,1344.8890041516686
6532,7886.567343117626
6533,5571.258252702879
6534,3039.162516007731
6535,721.1541277665453
6536,1596.697315029702
6537,452.17873205534477
6538,1113.9108012360948
6539,4580.143893475374
6540,11345.233233969004
6541,1603.638291147804
6542,11261.025381921725
6543,517.3489463296
6544,12036.523514336084
6545,3894.128109147705
6546,893.2483861503231
6547,9048.63209919406
6548,2478.390692980686
6549,888.9288089250365
6550,1638.5773642319623
6551,570.8775198760783
6552,17433.70117284343
6553,1089.516253006641
6554,1357.7174040546124
6555,1861.5549316413992
6556,752.7936908113907
6557,4844.364285048166
6558,5210.761542736322
6559,17177.68147290138
6560,3352.695932457099
6561,11718.04523139889
6562,633.8754025770331
6563,1148.9808323369884
6564,4253.0750535640045
6565,1911.2708203300488
6566,1732.8889935154652
6567,4153.672830977737
6568,1039.16523704701
6569,639.1770281849173
6570,5256.444969629353
6571,14488.01392578147
6572,12132.58205365919
6573,6080.001315382118
6574,1907.2689382327653
6575,4144.427774548373
6576,4113.816992250842
6577,9202.905532233568
6578,712.437104079822
6579,1590.8431383928062
6580,1704.840303138334
6581,526.7521384428794
6582,1617.4584456473503
6583,4676.680655913273
6584,1558.9666173286985
6585,801.1044474763768
6586,4880.844367727368
6587,528.3056771250072
6588,601.5773423650112
6589,4085.485073493043
6590,467.5059884267591
6591,904.4141082567079
6592,5264.815244053755
6593,16704.147045289432
6594,14615.894035990712
6595,891.1016566917943
6596,2790.6523191423857
6597,5292.495685525455
6598,12997.289309115036
6599,7663.495355027238
6600,672.5819760500406
6601,3685.1680978035574
6602,948.0192207515356
6603,3168.556136906588
6604,1920.5536234824845
6605,1016.3715611006347
6606,737.5478585058984
6607,1621.9714275026333
6608,1053.1157446312986
6609,911.9638029590957
6610,1145.8133641763832
6611,1370.1085174443224
6612,3520.699041856387
6613,1065.113088604123
6614,4961.679885518172
6615,4687.326275431946
6616,1310.7378914123249
6617,5865.778955520927
6618,13432.553528413737
6619,8150.349431713178
6620,16872.419545197485
6621,647.8710882171615
6622,825.4543089522678
6623,987.1514607796695
6624,10325.762153933514
6625,2273.3514441209995
6626,3447.7663654718676
6627,844.34302129174
6628,5011.982547187869
6629,11663.41192145746
6630,11802.114878504388
6631,13415.06767780338
6632,1893.6475440160475
6633,594.8305014132808
6634,458.71000103327174
6635,666.8610363832203
6636,1106.8993011863718
6637,2297.7871245612528
6638,9923.174988477187
6639,3758.825258244242
6640,2660.984607130702
6641,5652.20600472761
6642,2397.7362203713915
6643,5833.021820665501
6644,914.008504238851
6645,4752.296786226638
6646,9728.07170529019
6647,1704.3160683402712
6648,810.5033151989805
6649,5172.012871231833
6650,7316.714311702316
6651,1003.0566028777304
6652,1934.8986525306057
6653,4537.410916761613
6654,13541.838911580493
6655,8703.280273640343
6656,777.1781563170807
6657,4932.608119301103
6658,5397.4883210832595
6659,2348.879414200383
6660,10419.750101636326
6661,2397.768057951331
6662,802.9149425572843
6663,9221.606698582216
6664,5463.67750828676
6665,1904.2221291937276
6666,640.0963390326875
6667,11292.608407698728
6668,1940.368677097323
6669,3356.047484582655
6670,3300.5131600773784
6671,6407.912410355547
6672,1040.4898333921694
6673,700.6233879660927
6674,6454.291038783849
6675,615.5016154371838
6676,695.825266919257
6677,7184.057856405247
6678,913.6636164544445
6679,4054.2960483943098
6680,11174.8512463066
6681,7279.2562489480015
6682,1135.8637489431644
6683,1606.998712513156
6684,3488.318470358913
6685,3178.755444061979
6686,4669.766209504956
6687,1680.0835468905955
6688,2123.964341290103
6689,2425.172375397451
6690,913.3606442255124
6691,2782.813032926342
6692,604.2667707996849
6693,5291.814832798177
6694,1393.978716172913
6695,2478.145095015301
6696,17024.94816810361
6697,15440.21881779033
6698,790.8997960655388
6699,712.4520009306219
6700,4819.421708639764
6701,3251.272563152786
6702,465.27695565327264
6703,833.7331731879293
6704,13068.766512844226
6705,4922.656477811676
6706,680.5711585516923
6707,736.2547971044894
6708,1557.9743536248093
6709,2695.8917501236747
6710,14252.258215116603
6711,850.0020159735503
6712,4091.874400064964
6713,3026.8593430455185
6714,5144.545042233779
6715,4878.6007188193025
6716,2518.3497695390524
6717,6696.110297228254
6718,2390.8774424703433
6719,6163.222517965741
6720,771.816197657438
6721,2065.9114697716054
6722,602.9073136929638
6723,2118.850394479151
6724,6076.664948496302
6725,2583.5392108231463
6726,1222.7999207982652
6727,7478.017118276519
6728,461.8789106417115
6729,2887.308663952039
6730,2331.747674161747
6731,1038.31762988141
6732,1142.7951436397043
6733,2730.0401931005385
6734,5131.68342315209
6735,3796.77203013291
6736,2406.9801840226282
6737,417.68656063661865
6738,3234.8679698477235
6739,1711.4028478976197
6740,2558.207442651141
6741,509.4230507954996
6742,2226.8513925666143
6743,4837.393656306402
6744,449.24360362967565
6745,4741.706427781392
6746,676.7507878002152
6747,11997.658387864916
6748,2138.7366326709885
6749,719.5835536286378
6750,1682.7731483496493
6751,572.2048153086951
6752,13051.7084699053
6753,3008.40164401637
6754,740.5935132665767
6755,1058.0938396610493
6756,6102.8970454286045
6757,6566.80538636927
6758,2503.829236205814
6759,6186.754532743951
6760,2897.8024725448818
6761,3598.830172593822
6762,5981.767581614145
6763,14026.231560228378
6764,642.4933235278182
6765,890.5133981747417
6766,2391.756712191309
6767,6719.261832682291
6768,669.224013682758
6769,7132.732577388998
6770,2301.8332703936203
6771,5949.267197357492
6772,536.2782005443855
6773,927.7804330232962
6774,647.1055333878868
6775,1940.919403517497
6776,6145.043997806638
6777,4861.853425410754
6778,412.3186081225779
6779,16196.02549853008
6780,1749.0769957676985
6781,1263.1352452207295
6782,764.3743260884067
6783,3255.7121984639357
6784,9705.25335910832
6785,4543.7307139570485
6786,939.3739516991081
6787,959.7396254145258
6788,4152.891221275466
6789,1308.4654584598827
6790,1239.0401383204498
6791,3759.03837072581
6792,10958.875026074298
6793,1208.7006198185036
6794,2875.9045102764094
6795,6584.239673987269
6796,8160.462396202023
6797,12245.871565050156
6798,875.5045699207512
6799,607.8066938755375
6800,708.2567302144276
6801,2130.1318846363015
6802,4817.057349039646
6803,2344.423313521358
6804,2059.943143571823
6805,1670.530523031872
6806,2181.736945571379
6807,773.7728177548672
6808,594.4356780372256
6809,10601.587289610008
6810,734.6665613855116
6811,2213.389463720836
6812,2729.464768765833
6813,4184.06288843996
6814,505.53538344200314
6815,1759.889620656884
6816,932.8737008710051
6817,527.2268481063168
6818,1016.8309378942723
6819,1042.9140204654536
6820,1592.8044952794633
6821,8831.631430600293
6822,7803.794576525172
6823,5224.488377726549
6824,5490.333266198272
6825,682.8314040517555
6826,1064.9375831876655
6827,829.371570426101
6828,1213.5612361370215
6829,2238.162707378777
6830,1151.547755331242
6831,712.5847254754636
6832,4227.886300114648
6833,8228.274982761935
6834,4377.366947279912
6835,9601.709821461813
6836,560.2215594841804
6837,611.0685119207735
6838,785.8317581191047
6839,1173.9880284279532
6840,12893.137965217242
6841,1527.6245604701492
6842,1956.0553976512097
6843,6326.906488887848
6844,14580.68938223365
6845,3085.7210831049197
6846,920.1995182567395
6847,5269.807797496925
6848,11800.736456219924
6849,3307.09749917483
6850,8982.117432186473
6851,9228.84613509541
6852,4340.696201941908
6853,589.1923025473718
6854,3324.3058073765387
6855,867.4403084869717
6856,3247.2419719000777
6857,4214.916900911188
6858,777.9684121490158
6859,3935.668121087984
6860,3490.598697734127
6861,5558.524399571364
6862,3784.5573640535363
6863,3514.745880128818
6864,6549.142711198002
6865,711.8733262166681
6866,2340.8643408129597
6867,901.8166849490863
6868,2375.005203423752
6869,9336.10821356201
6870,3804.875146664488
6871,1612.6898209276042
6872,7416.628962093245
6873,2504.5315891279315
6874,7105.7082346911275
6875,11097.63505617011
6876,706.8688904257082
6877,3131.4702804820986
6878,11256.972993695219
6879,3224.0832282090873
6880,3724.9061234832493
6881,2246.7476175560087
6882,3240.216120853309
6883,1464.3833193873143
6884,1928.7480529739335
6885,4630.920251648215
6886,790.8997960655388
6887,778.359595560478
6888,1047.8933275562629
6889,489.9889905117233
6890,4925.255736641266
6891,16750.77115779144
6892,736.3042348089164
6893,711.8375082281987
6894,3285.5619303587964
6895,575.7584065771406
6896,6082.102219747663
6897,6799.362797851851
6898,6020.289934287131
6899,1220.7297627544808
6900,754.406157433032
6901,3339.8089053104723
6902,3761.451777960488
6903,725.5087320172046
6904,687.0158782328735
6905,12380.66217452425
6906,781.3608544712031
6907,9865.306541097909
6908,5034.609974624651
6909,462.4328938569156
6910,9307.966134440745
6911,15195.003195092377
6912,3429.7552378325195
6913,8987.399173498348
6914,730.6492229351129
6915,940.3238963665522
6916,4451.344782312818
6917,676.5266826829096
6918,3870.6052741277176
6919,2890.6171354105613
6920,5039.120434157259
6921,679.2995700218812
6922,634.1607152894892
6923,2158.203195277802
6924,2176.200309188249
6925,17668.239254941156
6926,1164.478777491733
6927,6884.745069819158
6928,555.5257024573013
6929,1819.8933853150536
6930,508.82919570137784
6931,627.0918543513001
6932,1066.284127325494
6933,7104.971666022726
6934,2569.910278031251
6935,2797.4994498340243
6936,15707.641480857308
6937,890.7833886214935
6938,2593.515231580445
6939,863.2099803978866
6940,2871.888284472292
6941,773.6941375993272
6942,4971.082246414466
6943,11523.772896835788
6944,523.6604412860805
6945,11833.081779342354
6946,787.8884752038233
6947,1371.7914391122122
6948,1025.6895121757261
6949,4541.664011366524
6950,2964.9186262201847
6951,1701.2479754111625
6952,7452.199967070159
6953,2351.157783633494
6954,3829.7322780667605
6955,913.426921691003
6956,4719.83498028664
6957,9724.46895330159
6958,5153.188335013409
6959,788.3280354854737
6960,3455.4986979166665
6961,847.4408739770973
6962,513.9418587648377
6963,1437.548108048754
6964,4392.47003878465
6965,12248.546675935144
6966,5145.876685718623
6967,16003.461397883817
6968,1044.0241277325176
6969,534.551295015678
6970,847.4128602307856
6971,1001.5207692768463
6972,1690.1037505396268
6973,1644.0537220590736
6974,722.9035463275177
6975,3943.603399692166
6976,13213.880102793431
6977,6449.967032560605
6978,4072.418881413316
6979,963.8489186924613
6980,4167.228105170305
6981,10957.116450275142
6982,4545.757092040278
6983,5709.550118341296
6984,1843.0775918886716
6985,4417.417895476176
6986,890.6280099130729
6987,1983.8716522580003
6988,601.7400453358426
6989,622.6009412436064
6990,1673.538236888567
6991,4093.355313095391
6992,1674.0443375565997
6993,580.582803848725
6994,8650.956896780104
6995,660.8593866078247
6996,18000.0
6997,1020.4753406005821
6998,1630.6603704313943
6999,3319.156271198004
7000,3143.4393424806453
7001,551.5859247687414
7002,505.43553425885267
7003,5148.96097457855
7004,855.1206928556253
7005,1267.502856074362
7006,753.5233592516889
7007,6982.5812656149865
7008,2452.6668503052574
7009,706.5970556206369
7010,1046.8096235161215
7011,6522.9002683499175
7012,2230.8761310849213
7013,1063.1197369211066
7014,4275.412279489544
7015,3639.261499427161
7016,916.3964627907735
7017,3467.5412199224143
7018,4166.203652096279
7019,7328.979552733406
7020,849.4414983927902
7021,10058.65683578188
7022,4961.689110647116
7023,4536.2876690801495
7024,708.5251363869689
7025,618.4551026189762
7026,832.0853182709862
7027,643.447248132261
7028,10295.844778552395
7029,9593.110725939996
7030,7088.275057399355
7031,6401.486815169329
7032,6750.754028719855
7033,5993.294261126081
7034,6326.526145541239
7035,9535.700939311113
7036,2780.738841303452
7037,1639.7018310870037
7038,4997.01592020121
7039,474.10185300180984
7040,6746.665880945328
7041,4088.0491158827713
7042,4358.289257787715
7043,6380.713934596454
7044,1451.7993439918423
7045,3305.598214769857
7046,1384.1416046408592
7047,2750.247850565286
7048,1126.7604001999675
7049,2385.1988582180443
7050,4283.965947669679
7051,1041.6752307847787
7052,803.3026594087653
7053,446.53947152316215
7054,588.8554259381692
7055,6027.363852399395
7056,5276.984956125771
7057,1533.9504325182186
7058,717.567467335711
7059,1365.8997909213062
7060,398.20305832225574
7061,1792.5000162894312
7062,2157.077368269751
7063,1379.2966542594945
7064,1251.0979250482087
7065,3137.8680980517797
7066,557.2007613158112
7067,6501.702091986967
7068,1471.5039167087562
7069,721.17519442411
7070,4145.485593874545
7071,2072.297394505387
7072,1831.1944833615025
7073,6918.7066555844995
7074,664.5161970971408
7075,706.7985955047808
7076,16143.655476850045
7077,9418.938021402444
7078,3780.540067868498
7079,1923.5604335132218
7080,2653.4419472089785
7081,643.0023426949052
7082,11860.92850970727
7083,11015.977843270182
7084,4952.115154366561
7085,13474.657960545743
7086,699.0536054188289
7087,2445.803211276498
7088,1569.651083450676
7089,11322.508253687987
7090,3674.2324365421146
7091,4582.779337450165
7092,1808.4722858357952
7093,3847.060224632018
7094,1312.5582608971476
7095,520.4449704228613
7096,1270.6461469278106
7097,16023.613871326465
7098,4488.975920655622
7099,1238.3875711669584
7100,3122.450324409161
7101,2539.4746871237944
7102,3034.551284904229
7103,1389.8851924496985
7104,2929.046521492189
7105,1399.0936712046341
7106,782.2008797385621
7107,5281.134771297525
7108,2562.1784690838263
7109,1194.251759736489
7110,1932.8641001417366
7111,4126.551319067672
7112,6791.943954048953
7113,895.7384930108572
7114,992.6033574494272
7115,1739.0311508083041
7116,832.1735981353223
7117,2731.6349291822453
7118,763.2308656217945
7119,867.0170948303287
7120,3361.5270737387586
7121,8091.432059999612
7122,8456.931739764697
7123,4727.57403311634
7124,939.7722771544484
7125,2986.6622378627876
7126,653.9633996637073
7127,738.4920761967563
7128,1845.1803196692388
7129,12296.820974160588
7130,4861.235268641747
7131,673.4029508208823
7132,1576.5386767153864
7133,2759.205391506533
7134,636.8507263199141
7135,3775.904253155691
7136,771.0344180825357
7137,764.9696301506096
7138,1702.873246654049
7139,781.6500847310276
7140,1011.9534565108661
7141,7141.986686465546
7142,6598.983960871695
7143,756.6049915159687
7144,1229.1199319499804
7145,2836.9962784871695
7146,537.5110026477198
7147,1070.5804594269673
7148,16608.104113232675
7149,5711.46671320052
7150,15993.155002857462
7151,2340.072977859577
7152,984.6907350937975
7153,7158.494067486345
7154,11974.587890625
7155,636.6849917672315
7156,783.0911641348226
7157,5163.491243057472
7158,5039.071509111035
7159,7018.837853768979
7160,743.5793325517443
7161,11050.002112259168
7162,5964.232459729485
7163,2476.6723485389666
7164,845.566355537306
7165,1683.5376134311675
7166,3024.8578409866373
7167,6544.101396012196
7168,831.9492052615809
7169,7361.119188778013
7170,2289.275113795995
7171,2306.4190775630445
7172,614.5169006511843
7173,1915.5756847430064
7174,4106.213367493933
7175,2316.4509943843473
7176,535.9196595386765
7177,7040.399861895233
7178,17359.538167636973
7179,4239.232603239459
7180,2021.2022399881396
7181,2121.822741043645
7182,1610.0289985349993
7183,4216.494632153725
7184,801.2572305027231
7185,1161.8167490902206
7186,1445.828131590017
7187,9856.076764419056
7188,10977.91110005961
7189,545.9734064017224
7190,6764.1927534849165
7191,822.9806877887302
7192,2229.3814017906748
7193,1299.9120756641444
7194,732.9113624806721
7195,1186.4329877573248
7196,1567.1814305925056
7197,5243.584604681091
7198,11582.835489385663
7199,676.1692224025028
7200,736.2618196073332
7201,522.1157731791304
7202,4254.216554694358
7203,686.342687066571
7204,2724.622172853958
7205,4886.376532035153
7206,649.6000230543129
7207,770.7259782933381
7208,453.85453459829097
7209,1676.8867479454589
7210,582.082857169088
7211,3025.7226076735865
7212,3311.5086993035447
7213,14051.925927736991
7214,4334.594062378334
7215,6907.228099782228
7216,1193.0812806483823
7217,2675.1484026985686
7218,4812.294257451744
7219,1484.7239015902228
7220,3981.104773253727
7221,5404.518354979612
7222,6847.438188740195
7223,449.72932650470733
7224,937.8153838793853
7225,16800.882041092987
7226,1722.0155631252073
7227,1653.9347313491267
7228,2894.311607086279
7229,495.50860598041413
7230,2889.804592664364
7231,756.5056178881598
7232,996.4796559526912
7233,458.2151849681676
7234,707.5225230394099
7235,1119.3396780689725
7236,944.6592968417334
7237,480.7074617704334
7238,3445.4194784410397
7239,2769.2795063799886
7240,11719.772085509308
7241,917.9262797632605
7242,873.7387824450811
7243,3636.160954779415
7244,852.0295291238299
7245,680.5711585516923
7246,3420.1252558112
7247,713.3981827436592
7248,2005.381411569966
7249,1601.2450762749966
7250,4314.389222249391
7251,4613.698300310456
7252,2384.0855113470952
7253,706.764133323713
7254,8643.986431469757
7255,456.57626825838713
7256,660.9537682805849
7257,7325.549397363529
7258,888.8246486154935
7259,2751.449374744998
7260,3101.4297155721533
7261,15510.096083238886
7262,617.7826952705666
7263,3088.3009525534894
7264,922.7168157190118
7265,1118.6163379490365
7266,909.5173365468687
7267,422.6515151572245
7268,11708.930897824119
7269,10726.506060181733
7270,6141.230415469589
7271,11140.263052718139
7272,3862.622511681931
7273,1306.5462993562485
7274,1864.20053543697
7275,5660.090648373117
7276,1083.1972838042361
7277,4486.200146173027
7278,887.5462157968451
7279,779.8979880154454
7280,1535.234896508887
7281,4014.1675160110444
7282,7633.480167466076
7283,16360.26723829177
7284,3586.381686026637
7285,8799.751430601573
7286,4022.1102222118416
7287,801.8680522688813
7288,5343.61484548945
7289,919.7336606658852
7290,10197.871075928311
7291,3379.6814846025045
7292,808.2681749153029
7293,501.86924219403613
7294,1621.4653629435336
7295,542.0137505265311
7296,6734.951728440681
7297,789.8495753216046
7298,1120.9073045909972
7299,457.04595973460556
7300,752.7534098281949
7301,4011.296005899263
7302,1332.9744029171284
7303,7923.694862100195
7304,5634.927817934009
7305,3415.2593883683326
7306,613.549346022641
7307,3071.043979235621
7308,4670.279641233431
7309,411.35111973465314
7310,4604.072377493629
7311,15783.308139064124
7312,8310.794271753774
7313,3506.3455904909943
7314,1453.6118702206313
7315,880.9401528877781
7316,822.1985843833963
7317,953.2629320565263
7318,551.0138447799441
7319,552.3357342580747
7320,1045.6728613034888
7321,2216.1484508689186
7322,6657.068805660622
7323,17681.49687649675
7324,1222.0891485738891
7325,709.1699201503002
7326,941.309140084825
7327,15222.766992072471
7328,6383.486114298031
7329,11173.974833409928
7330,5748.946786650294
7331,1987.3978001506152
7332,2982.8814485082453
7333,4022.3053660331752
7334,4003.0477332694886
7335,972.697960977085
7336,1720.3371935808761
7337,737.5839685026316
7338,3692.772797162689
7339,913.0386478873457
7340,1707.6943477738491
7341,773.9485838882078
7342,741.2657994064037
7343,10207.694845449554
7344,885.075131356734
7345,7234.411820332186
7346,7106.890025497621
7347,14122.013664711763
7348,767.9291558907721
7349,1395.0165398188606
7350,613.3664179758465
7351,1451.488803853526
7352,7528.118195355103
7353,688.3358595119141
7354,815.8523716406154
7355,2665.9299017334642
7356,631.6560560746851
7357,8233.394517519284
7358,651.9368845960921
7359,4568.4515623854
7360,1718.1968256361665
7361,454.5617121166327
7362,3540.9183550168505
7363,4408.247259325146
7364,953.4139317975466
7365,734.09297773581
7366,3088.051149788259
7367,4088.937102776084
7368,5944.155749110836
7369,7227.132887603941
7370,2154.925241354932
7371,4677.143972586955
7372,12427.021897502156
7373,10761.651745951887
7374,4019.291513904317
7375,6557.436861474811
7376,5082.346365503141
7377,2773.530487096136
7378,506.5924519975029
7379,7459.126016576103
7380,738.3962578891699
7381,463.737835303803
7382,1610.1942345662655
7383,16221.836474804697
7384,5010.848412279527
7385,717.1540961416695
7386,7000.041736500619
7387,655.5788981325286
7388,5300.48759396217
7389,1014.2657242126564
7390,3986.649736653071
7391,6556.966218551535
7392,1196.0537376341265
7393,2610.927204226171
7394,16899.716287903633
7395,5603.913742216534
7396,5343.867266482286
7397,17468.74884845999
7398,6044.456287302627
7399,1596.9727177688342
7400,15512.300352271255
7401,1605.9064970366435
7402,1799.040103468157
7403,690.8017698795649
7404,5110.392803108762
7405,1982.1893120372613
7406,1709.4698965972545
7407,2507.5389257479915
7408,2152.078298661362
7409,905.9997093233912
7410,7114.587439061729
7411,13583.893968942913
7412,890.1944034295427
7413,1210.1712427374543
7414,1087.4335611251477
7415,1604.5854140333586
7416,3406.017256386374
7417,6730.2497317075995
7418,3147.3120066011566
7419,1699.4079548789439
7420,5746.246317636518
7421,3416.9728287579164
7422,714.5524362788921
7423,1849.6678354567807
7424,4705.144763008383
7425,6276.0098285028
7426,1690.1037505396268
7427,1112.8948836473128
7428,4153.1582411871395
7429,5347.609824466648
7430,1337.760448381841
7431,1573.2238222348133
7432,5792.761682996928
7433,9756.488823591037
7434,5965.641089290101
7435,765.8868103548664
7436,743.3479814828663
7437,17330.443359375
7438,6722.455754060803
7439,836.6517297883634
7440,5001.537093565878
7441,833.3469120756733
7442,400.8274921537377
7443,1021.9728755931575
7444,1949.1023952801427
7445,2104.956810724328
7446,12803.618063115371
7447,15993.608015053898
7448,603.4812997657348
7449,5933.827176170275
7450,3890.9586077710896
7451,1840.1146550812512
7452,2456.2191919132306
7453,451.45879048426707
7454,4114.089613595711
7455,602.9363294595207
7456,1829.689860802364
7457,762.8552195299852
7458,4712.2043215808235
7459,495.6131944211878
7460,7753.378613013955
7461,8558.963096489628
7462,11550.228340900354
7463,2308.002055781825
7464,694.79331544271
7465,11618.538553359107
7466,703.814110924312
7467,3313.4935551721787
7468,2002.1925600846062
7469,6514.815773076252
7470,4462.2423971767275
7471,1514.4894221859904
7472,897.1219737170885
7473,5987.630010043828
7474,14687.265424850451
7475,1030.4599164517417
7476,4095.3551929782707
7477,11154.682510474315
7478,4104.041553978051
7479,1841.0966564411317
7480,2617.079701258494
7481,2337.1170689270775
7482,5401.50134513049
7483,813.8916925091158
7484,16332.585526708714
7485,1301.645034896858
7486,5292.478059549631
7487,2298.7530692204946
7488,10127.967973418978
7489,9891.510320898786
7490,1273.0695176135018
7491,637.8368378508943
7492,6651.567581144893
7493,1969.6953843810784
7494,505.5935424514003
7495,656.9598648722898
7496,2230.448029249269
7497,861.6238301852534
7498,800.7727502671838
7499,5648.523397510553
7500,3372.560225480929
7501,6386.954333918949
7502,1126.5170967619235
7503,873.462506190303
7504,558.1515301942088
7505,15449.755452260828
7506,5886.226410671045
7507,15761.013845909609
7508,5286.649397525141
7509,2090.72865117569
7510,1132.4783420869787
7511,1780.342575955744
7512,1330.0762413476166
7513,11484.745269060517
7514,4497.519316125783
7515,1599.0635551814723
7516,2046.4484587729005
7517,6942.324177624249
7518,414.08418328426194
7519,1807.7847463709384
7520,8468.856093618026
7521,3781.9581851039434
7522,498.2649855858675
7523,680.5711585516923
7524,1732.04086099737
7525,643.3893209336749
7526,4628.385376274884
7527,526.3158086703845
7528,4574.304436386567
7529,5445.886512052058
7530,4542.63331365304
7531,7927.456802512051
7532,11675.402827929309
7533,1091.849668769477
7534,2173.0158684360504
7535,5011.935477828633
7536,1783.4037237222644
7537,4965.949072816244
7538,1606.2218032071214
7539,5036.096589869331
7540,7646.7650641107
7541,569.1931705660359
7542,394.9051007373733
7543,608.1303441094472
7544,4228.797816412673
7545,4802.577748510696
7546,1195.9127602416102
7547,562.7325692482584
7548,667.1175106624106
7549,918.7282049943307
7550,2437.050889419545
7551,986.2411370716457
7552,3121.9806480990997
7553,2105.491536461477
7554,3546.2861165716768
7555,3471.581962506096
7556,1019.0120718637011
7557,13932.169238693843
7558,5143.378306809062
7559,8409.572943434408
7560,7603.25246599259
7561,803.4246162311449
7562,3216.4599921233585
7563,556.1313504583243
7564,8043.383777293337
7565,666.7471274472283
7566,908.7290044479183
7567,7197.076703076979
7568,4428.225206622086
7569,6029.870317734449
7570,649.0251159720791
7571,1605.5412145096443
7572,7256.780803449825
7573,500.8790654018001
7574,6133.936686810478
7575,983.2001487064535
7576,410.7820466349884
7577,1896.7555157159925
7578,1690.1037505396268
7579,5693.344484187753
7580,1115.6426503382604
7581,9773.504150386598
7582,4551.8851931338595
7583,3626.5778993756508
7584,848.2735056785318
7585,5292.579270796799
7586,496.0856754478193
7587,1090.3715248741896
7588,12273.70521322091
7589,767.2081936360122
7590,835.0510509618193
7591,3778.9742781503833
7592,2470.5024326278194
7593,7798.26822763103
7594,2574.9653511086763
7595,2568.2336276028914
7596,1313.0041143344415
7597,718.3286975951403
7598,4305.331186334903
7599,881.492748035932
7600,5582.468581727198
7601,609.727134180053
7602,1228.3847425540503
7603,14902.844966465404
7604,2742.2822006052024
7605,528.7483742580868
7606,477.6801125960578
7607,5563.2019091558495
7608,1350.9770594830766
7609,726.3611426078345
7610,4174.641580671404
7611,8368.514694736527
7612,5291.974458797871
7613,1117.384334988219
7614,4393.076701848438
7615,9212.346776303018
7616,3858.3220128511107
7617,747.8316069301692
7618,3892.431932147921
7619,4679.706515329695
7620,5314.221191666952
7621,2821.8010799836634
7622,430.7831650245507
7623,1701.364899305239
7624,682.6456492423729
7625,495.77978061141226
7626,4875.264237861508
7627,4473.920327483262
7628,8641.827374950293
7629,1698.9037428076156
7630,706.5911807233427
7631,872.1155969512914
7632,1742.3199365004218
7633,10126.469755035881
7634,2485.472227553569
7635,1031.064191267985
7636,2581.5227813499205
7637,15932.03756753996
7638,664.3878343477447
7639,6338.228144681426
7640,1611.2836020900743
7641,3749.806899981113
7642,1483.893635928175
7643,498.9727145955012
7644,5781.822127800018
7645,9073.17065150935
7646,1362.7971397329732
7647,413.2558560430495
7648,3753.4393443082226
7649,946.2731523405243
7650,5235.067644713144
7651,3628.459859670223
7652,3621.318388732641
7653,10826.968608508856
7654,706.9062772485844
7655,2478.133598177914
7656,4465.075651923568
7657,14063.825467969911
7658,14843.485645846691
7659,7022.509863340058
7660,3501.7684623148143
7661,2514.020745131701
7662,3903.2867944096934
7663,6018.261594537341
7664,987.035845623553
7665,13847.232908258182
7666,719.2564615883098
7667,850.6312236558816
7668,4514.110887652528
7669,2027.5404037605124
7670,5091.090197946554
7671,3914.772501944947
7672,1824.4511325716346
7673,1054.750705160086
7674,1316.182931420603
7675,703.5260011243877
7676,828.9554129872008
7677,1641.4557595310464
7678,1914.55206180854
7679,3256.6283998938625
7680,7594.966452531381
7681,1983.5968211335007
7682,14508.661621733892
7683,3688.0005509098464
7684,825.2543513538076
7685,930.7349967471492
7686,14092.906728853755
7687,3104.786235259676
7688,2630.582444084392
7689,3346.0080425174997
7690,6027.883668087408
7691,966.8548029778892
7692,1734.6738764970903
7693,516.0381947967572
7694,14697.659050811286
7695,4837.923092225199
7696,635.7759018788842
7697,4009.272301737099
7698,550.0950489340199
7699,15723.270116851523
7700,699.8192079551329
7701,1945.467757190043
7702,8329.083462908573
7703,1196.5561286289173
7704,1717.403619765442
7705,2948.788873434852
7706,4119.539984491795
7707,1978.4371461761284
7708,5894.14643381693
7709,1022.6677310786225
7710,699.5957482097776
7711,13022.706411446654
7712,2390.4742523167156
7713,868.7650003078684
7714,7726.581239264396
7715,2100.49061576726
7716,5240.089751612318
7717,1072.9812792612763
7718,1415.544008959662
7719,1417.1664297868256
7720,2582.767334456757
7721,4743.597187280695
7722,738.418814137649
7723,7492.8665404936655
7724,714.1789787544258
7725,4658.956551553058
7726,2580.4088106331233
7727,4914.2375300942285
7728,4168.737006806736
7729,14090.282625099855
7730,6363.013408659992
7731,716.5615666674588
7732,3406.612483887667
7733,557.1396627989144
7734,852.0449932303802
7735,6122.249716012549
7736,662.186009752961
7737,11484.387640975852
7738,940.1107749577269
7739,2084.095150626607
7740,2276.046376660912
7741,718.981759249733
7742,1016.3233887082754
7743,3273.320125968416
7744,6434.141953945174
7745,11652.775016151865
7746,936.8690940836644
7747,2539.388635796565
7748,585.742595634608
7749,458.745967761182
7750,1045.307414728523
7751,655.3061007162411
7752,6118.447999954254
7753,3013.161008703679
7754,4518.866402546409
7755,1228.9774214772997
7756,6704.932026385656
7757,907.2085170933354
7758,14192.512548154467
7759,503.6110693204979
7760,926.7942786817723
7761,11830.839463165568
7762,1567.209161249
7763,1013.676086656679
7764,1367.4040662380842
7765,435.3566564451125
7766,2247.4456754231746
7767,1201.8758712586016
7768,2815.0646861970176
7769,3871.657017988875
7770,515.5792173727026
7771,518.1811074571842
7772,8587.460442500982
7773,5472.194322932575
7774,11713.725197597932
7775,903.2763792785925
7776,1067.91281656133
7777,1634.231529766614
7778,3778.0657204961967
7779,5140.166027354643
7780,983.4271207345046
7781,417.0047043634778
7782,964.4770849547351
7783,10136.542382277727
7784,4720.49563502794
7785,6913.479112648093
7786,614.5169006511843
7787,6102.372822283915
7788,2307.794522426252
7789,4803.71393798251
7790,906.6339601838898
7791,4031.307465027912
7792,7944.221816754242
7793,2293.867246132849
7794,920.173521260002
7795,5391.331042744124
7796,490.3792668620174
7797,2478.89801357228
7798,1704.203332776574
7799,9323.79270766609
7800,900.1656137119359
7801,719.904197172205
7802,1330.2458530983292
7803,1379.392629534703
7804,538.2331661101667
7805,2520.5428759255783
7806,798.7833724203698
7807,2806.0828499878535
7808,2029.4448815067194
7809,4987.780620048165
7810,1653.7937515340595
7811,613.2537465734043
7812,2978.740549658899
7813,15869.615226102746
7814,4188.758751800492
7815,1484.705443077156
7816,5020.600683922395
7817,3196.7926980157395
7818,4105.232839772662
7819,1951.7810925457056
7820,3456.6604375103084
7821,1535.5502114932317
7822,5308.926425197643
7823,17056.375824916002
7824,3820.039892708348
7825,11194.866415553879
7826,481.4353933110545
7827,5447.345980749748
7828,2982.9535628395292
7829,1825.1934622405963
7830,4692.155185232538
7831,2118.084483876435
7832,4944.341625013381
7833,12626.868650062852
7834,16488.368458286797
7835,7217.9436673328055
7836,2787.170374285233
7837,7604.483378523932
7838,9903.64286015801
7839,11461.278848380383
7840,500.7259187836045
7841,5681.051112767773
7842,2190.1874644613604
7843,1128.2428412597988
7844,5452.015560291956
7845,1768.9171742844053
7846,3259.473116156314
7847,2069.7219966327343
7848,4951.292060916441
7849,1943.1614585494322
7850,4657.939216853349
7851,7499.531491466168
7852,13586.082959388366
7853,744.7473377707529
7854,2128.3938509494687
7855,1127.2317502054873
7856,13773.010660521933
7857,7740.237837859293
7858,6251.032151631135
7859,2515.8666583890595
7860,2590.6419971996997
7861,1248.0357849425923
7862,2133.2496772591667
7863,4252.431750035242
7864,10776.430383665012
7865,960.0707506122569
7866,8930.018669654823
7867,1655.6606906277316
7868,2325.907835416491
7869,5820.16638258474
7870,6239.168049162287
7871,3526.0660892136743
7872,762.3188412066727
7873,660.2971903762383
7874,1089.3364558114454
7875,736.32589388039
7876,451.43212107654597
7877,1120.8593775564495
7878,3569.27089195302
7879,13861.572885091311
7880,1042.703232216715
7881,2004.228779415683
7882,11900.310596886975
7883,5156.261100647585
7884,2704.2745853492484
7885,6035.097661443546
7886,670.0618490126171
7887,814.2184383026163
7888,1035.9188788568802
7889,1323.4766024496141
7890,3758.4481959688733
7891,9156.380696058477
7892,944.8130125664663
7893,16019.16365700307
7894,4678.7840803766885
7895,6142.260803131566
7896,1004.1512119629336
7897,1677.2699172725975
7898,8773.769346399442
7899,10417.62344399172
7900,15572.728264740339
7901,1466.7400905366708
7902,9200.056079111995
7903,1546.0898295925028
7904,1937.524070401919
7905,551.8321875624239
7906,2595.3702244581323
7907,579.0551357959088
7908,780.2738499380519
7909,1238.1138786698727
7910,781.0108192697523
7911,2715.6106686015605
7912,899.0915089534925
7913,12761.560954902316
7914,4791.242507715232
7915,15275.994987506903
7916,977.0121005879287
7917,10833.469041479586
7918,12381.859432040426
7919,2006.015861032925
7920,3868.7164163888947
7921,1067.639906679383
7922,1709.522864669813
7923,13302.476241144956
7924,3397.959927718091
7925,8433.739199218004
7926,4149.40235099664
7927,6048.364022348448
7928,10319.575408486844
7929,2599.5296232710293
7930,3499.2997786392857
7931,2346.2657142812222
7932,11895.578130098134
7933,4631.741288653373
7934,4022.720137828182
7935,751.5387770482298
7936,3308.1113628312887
7937,7473.323011067678
7938,5397.9901826471105
7939,2977.81259069929
7940,772.2898348023191
7941,14791.98673768501
7942,933.5100060147337
7943,2551.36310030221
7944,3707.1892215752882
7945,716.0787287729537
7946,717.7964952839449
7947,683.0145927067699
7948,789.4546331375542
7949,5805.215723772283
7950,2756.9658602812024
7951,1509.4873124324547
7952,3471.4203860651746
7953,6011.157404262662
7954,2289.409809745855
7955,857.7092867978266
7956,7723.07824995688
7957,868.4508372508368
7958,687.2336097125152
7959,855.7299822160398
7960,1030.0450273730123
7961,2013.5415964228157
7962,1374.2520989132677
7963,2606.4217245346194
7964,747.8461772429821
7965,1665.3785564766913
7966,11709.696601395312
7967,3467.693711401733
7968,1642.0987936502772
7969,536.2978492066413
7970,2372.9804284514653
7971,2802.9015764629007
7972,1331.4623517655298
7973,736.2120533786799
7974,5873.429456525097
7975,463.8342462038786
7976,375.4844707174453
7977,4813.964718168392
7978,1980.2665836401445
7979,737.0585292021044
7980,2465.609622227641
7981,4296.011825521151
7982,10071.029858982263
7983,518.4841136311953
7984,680.2566254338147
7985,2046.5884432661785
7986,803.0095629814782
7987,1067.8642562886585
7988,7197.846015515834
7989,1754.6156317491495
7990,884.9061349563868
7991,972.6253937713326
7992,636.6666061391305
7993,4752.078783730095
7994,4167.339880804995
7995,4027.5380039879333
7996,16358.011483198834
7997,17787.51290502969
7998,7752.366755664584
7999,557.9586408172069
8000,12668.411036022038
8001,774.6974357247963
8002,5220.380298818528
8003,1594.6206493329767
8004,525.5255533854166
8005,10753.238096084217
8006,5053.50652026606
8007,2216.8697913631795
8008,3390.1589248004398
8009,2136.121156244637
8010,761.4654841748168
8011,2066.344597687468
8012,412.12201040797925
8013,1097.0475853896771
8014,3797.719524632643
8015,1754.2250634939844
8016,6628.018329523002
8017,2115.5561014601553
8018,850.0020159735503
8019,4599.0217455136435
8020,1043.7351731055435
8021,2248.0730157343546
8022,15230.406665958419
8023,3185.8744782319086
8024,1584.434306948938
8025,424.56763715404713
8026,4153.587369076562
8027,1676.1855613737252
8028,2054.4598753280948
8029,3012.9600619646094
8030,4475.723857978048
8031,2612.519211449511
8032,583.5712399304583
8033,2189.7192945921693
8034,2467.5898323895603
8035,8739.485265940566
8036,1821.8636598104952
8037,17988.525981154293
8038,4183.1270318990555
8039,5303.089345089274
8040,681.4368659879731
8041,1666.5356436281263
8042,563.4996120299015
8043,4272.24264587668
8044,5796.83357289048
8045,13707.122265153666
8046,2277.4996438363814
8047,4858.228011726114
8048,966.741358856723
8049,1057.2550006669394
8050,382.67157165037577
8051,4255.974415631092
8052,1226.3513290112555
8053,13811.734265146042
8054,6373.8752246875365
8055,10230.1235481811
8056,2376.970904280898
8057,1545.2040114408517
8058,6803.714654512769
8059,3765.4932135186355
8060,1738.0246990971536
8061,13073.876731482269
8062,5397.557719668842
8063,4227.704818080045
8064,9420.41395403827
8065,9295.561284833966
8066,803.716888816958
8067,4640.888684146246
8068,2658.6093780095985
8069,1674.1642434745181
8070,4094.3143722968907
8071,664.5696787332963
8072,3872.3145059909198
8073,2712.380290303668
8074,810.0797374968602
8075,14149.606590140216
8076,1698.2498585851058
8077,1912.0826398753059
8078,3264.415930411679
8079,17343.739583845174
8080,3469.2786398281705
8081,572.7198105444456
8082,6056.245827345904
8083,996.5602730981601
8084,6430.578737941041
8085,3098.5018930642755
8086,861.7275271702741
8087,2129.219960984561
8088,715.8744243861223
8089,805.797600868339
8090,425.0366655400293
8091,6480.001648652182
8092,655.6038925925799
8093,1044.085961758689
8094,1096.2094034040038
8095,698.0691636958501
8096,3863.1056076758214
8097,11446.747408560173
8098,15940.118446284334
8099,14105.197884363588
8100,699.3584336421205
8101,13972.95894204413
8102,4915.779159740794
8103,643.5979382356272
8104,1063.7971186525797
8105,1033.4754890119834
8106,1410.0781954381673
8107,1973.2902452825301
8108,1718.8530872868805
8109,1574.5895995039293
8110,10453.367619635892
8111,2906.0355101658324
8112,2631.083323992657
8113,649.3986116516867
8114,16985.572807112203
8115,435.26533293291743
8116,8803.496556514283
8117,678.1431255576225
8118,954.9149284783938
8119,6463.691796156067
8120,3819.059339228254
8121,9731.015375894627
8122,965.649049868722
8123,8319.763649414344
8124,5494.88451079895
8125,1727.0029987285554
8126,560.8011266354118
8127,838.3326105079693
8128,787.0413780207814
8129,3976.0845632110345
8130,3716.911826983582
8131,850.8310627564344
8132,1148.4061668391969
8133,2125.1192144110187
8134,4515.436976211925
8135,718.4014153712551
8136,1962.7949299048837
8137,3378.391204275781
8138,2333.8879878424564
8139,1627.7690367466946
8140,551.1761919836546
8141,4159.185857238144
8142,539.2289404864918
8143,1345.0482713144786
8144,1785.693034190168
8145,16038.143409495875
8146,2230.5299308266985
8147,580.1777949708497
8148,1032.087300670005
8149,846.3744914792815
8150,625.6862640827239
8151,923.7134845295241
8152,10543.176569167445
8153,1730.0494826853544
8154,6708.9105076504875
8155,1192.6675329893512
8156,1323.496100425975
8157,717.1343668169592
8158,2527.6543555220364
8159,4638.862440488028
8160,11704.037456014537
8161,742.6596561692928
8162,7599.931847962103
8163,1222.6161487505913
8164,4417.625772794028
8165,2918.861274305847
8166,9350.809027960493
8167,6407.3195764097445
8168,4991.6020577486415
8169,10312.289818269588
8170,2855.519949696741
8171,4143.578614716506
8172,932.8737008710051
8173,1314.7918565884381
8174,400.9221958015096
8175,736.2618196073332
8176,10590.413542234131
8177,3148.4364490471044
8178,2184.009537693494
8179,2173.408691858895
8180,3115.4195061950854
8181,1033.5263586725634
8182,11337.327797307562
8183,3665.8959843364296
8184,12512.68223017171
8185,791.5074774072227
8186,8535.281796735222
8187,7569.3976951352
8188,491.5437652688013
8189,4287.548991071328
8190,831.4947801801944
8191,2504.387408654838
8192,10932.28050839955
8193,2801.5373133487437
8194,1048.1345908506958
8195,12080.071664586983
8196,536.481062774385
8197,4898.11869212728
8198,2011.9312772057817
8199,14981.437078343632
8200,511.9574438438214
8201,4733.041972440832
8202,5068.606801450696
8203,3382.2585800947268
8204,525.0293580981095
8205,503.39086543205786
8206,1042.950893072165
8207,1910.34915265012
8208,917.3675325381375
8209,1264.8947510778855
8210,13876.375729793832
8211,4556.363395761051
8212,4348.21764002236
8213,755.171205873427
8214,1394.4850484471522
8215,452.3582242015466
8216,1575.2991735164542
8217,645.7443331276679
8218,7074.985790196685
8219,1699.0048601088467
8220,5239.860037699388
8221,2149.5778762625177
8222,6433.023198724084
8223,4053.7683925116366
8224,2027.5944210117648
8225,917.9139340679155
8226,2205.01703111576
8227,888.7123786420434
8228,450.3434893041879
8229,789.4925279468506
8230,5044.2249707017345
8231,5293.906231545362
8232,704.8698574324579
8233,11543.466066182962
8234,3549.6209198561787
8235,1883.8923531534942
8236,3397.6645740493573
8237,5506.93204157999
8238,2142.7361217477387
8239,4090.7773566923292
8240,4727.690290082003
8241,4208.017639719822
8242,8503.945148133984
8243,517.7598665120823
8244,14193.027800144553
8245,804.3450221378147
8246,8733.64173226059
8247,15739.378768107528
8248,991.5698595587102
8249,3790.5931588673598
8250,6923.529422463827
8251,5019.6570591840355
8252,800.2874712041425
8253,4054.9524071934006
8254,16573.50781545593
8255,5682.397507427128
8256,694.1737421255322
8257,7890.100567571725
8258,3305.270083404366
8259,744.0999898373007
8260,712.4043289457591
8261,1377.4110647914788
8262,852.0295291238299
8263,1695.7313054648137
8264,672.677335228269
8265,527.6524488499983
8266,4033.797125437281
8267,4914.328963186513
8268,2522.870342884546
8269,2922.1991312453324
8270,2562.0255085806207
8271,1030.7875088859396
8272,7176.6720169793725
8273,6513.873002555097
8274,4522.34898382364
8275,4495.871201849307
8276,2125.3018174798794
8277,515.555555630401
8278,6837.024776905252
8279,2300.726527630536
8280,18000.0
8281,931.8277940477626
8282,2798.2943012679652
8283,1967.6510154580267
8284,659.925079702658
8285,2272.039481582351
8286,5048.720924452135
8287,662.0882163400705
8288,1808.9653836559576
8289,580.5790547261886
8290,2872.2175830675465
8291,7229.3984741192335
8292,623.5882690384224
8293,2505.8583360221746
8294,6461.165353825627
8295,4044.722815412329
8296,1325.1493856608156
8297,4014.2594888807807
8298,14880.633485606444
8299,481.14646693744777
8300,2250.21330873963
8301,889.2970195945525
8302,9454.771086609268
8303,4980.210827427135
8304,567.9205139946439
8305,5123.22122534597
8306,4209.430399917322
8307,1006.0736484713267
8308,713.6286792066137
8309,893.7369060159779
8310,529.0088944138295
8311,769.5705491847026
8312,6372.856227627051
8313,2321.443342874887
8314,995.0043466871698
8315,951.1053720492225
8316,721.7705235218489
8317,698.860116381683
8318,5463.020461473784
8319,2134.8872538112137
8320,1011.1437522048847
8321,5446.479699940807
8322,732.689635468228
8323,5089.0528537267455
8324,2811.5085485723225
8325,957.2346961642075
8326,1237.4167673643954
8327,706.6355224291892
8328,443.43717072582035
8329,2086.0525521468726
8330,835.042408127486
8331,1208.154242204909
8332,928.8687244145602
8333,2528.3253406910053
8334,5447.1895278213615
8335,8506.868770453844
8336,1189.7260107351428
8337,5078.09579752573
8338,3354.961324392567
8339,2795.7544939443824
8340,3404.6005698129857
8341,784.0042145201285
8342,1997.7322961088673
8343,3015.8286322861654
8344,2242.911907385696
8345,3539.4296376738303
8346,3493.1983624940913
8347,2771.0751219426597
8348,16905.513635635714
8349,4784.334107929926
8350,990.01292850058
8351,2131.9890798855736
8352,5425.7451323892465
8353,784.9386919191818
8354,1433.7631076549344
8355,17685.586763477437
8356,753.5175722833629
8357,4395.6244358683925
8358,10651.670614575283
8359,667.750023085293
8360,2305.7005403645558
8361,1082.0676748406142
8362,915.6783754666457
8363,14223.017691474244
8364,4853.301611240743
8365,676.3684769523504
8366,10255.485723858033
8367,4514.518114315189
8368,1030.5783430624426
8369,8935.165007897125
8370,5122.473838328765
8371,1703.8933232377474
8372,14116.330377114582
8373,2420.390331220326
8374,7093.587239096707
8375,1327.2447384225773
8376,4191.528967844424
8377,560.5041808889644
8378,15263.414515674935
8379,4224.251395296873
8380,4665.798207746061
8381,15509.46951898963
8382,2433.0982303847127
8383,2638.9324148844667
8384,909.3064502122938
8385,13759.79508600169
8386,743.020336916318
8387,1777.985598915897
8388,608.1429290686915
8389,2925.612767949481
8390,941.1934619875253
8391,3142.0424154302705
8392,2569.8291609244548
8393,841.3354125480229
8394,15096.058271773036
8395,643.781422081769
8396,13776.798528672767
8397,12197.908861721395
8398,6624.62999761526
8399,2119.652856727502
8400,793.2735388266352
8401,745.2421937061027
8402,922.3186745492183
8403,411.69802375666904
8404,1729.0748454169639
8405,706.6563980791648
8406,9740.115624852819
8407,2680.094454609094
8408,2975.3146879068026
8409,9219.482960590749
8410,657.3335360527165
8411,457.9015843059869
8412,9168.393740036187
8413,631.6054231919206
8414,704.758140218659
8415,4180.857907387309
8416,837.8053539440098
8417,2997.7360891460908
8418,4149.762949542577
8419,1336.1975306350828
8420,1891.130067062942
8421,2659.6967549806504
8422,6682.888984563875
8423,7082.404264419038
8424,1700.2532927285838
8425,4379.231876564485
8426,3905.979776938231
8427,800.2225681137452
8428,1895.0950069378061
8429,3763.8840099574486
8430,2447.371013527378
8431,1620.8128216030047
8432,3071.2164306640625
8433,1010.0537944857247
8434,849.0640315568646
8435,10800.251505096274
8436,762.9708038811696
8437,14494.775886181093
8438,11005.810310599727
8439,1281.8543542515176
8440,686.6677245750714
8441,2251.744396905304
8442,614.6992631298064
8443,11133.797878220457
8444,742.9507201800091
8445,3183.473332518603
8446,588.7717801682402
8447,8883.74834882382
8448,9429.686848655094
8449,1451.443280292402
8450,2418.6789009885842
8451,9023.351210162318
8452,643.3893209336749
8453,750.5423271227346
8454,983.5866942740703
8455,5024.05296686542
8456,3003.279373888842
8457,2384.7050890055903
8458,649.7102276895996
8459,4575.545561190911
8460,514.9122907496412
8461,669.8533439020995
8462,433.9711201435053
8463,3828.1969359088703
8464,2567.9816231724562
8465,1656.7338553764646
8466,5366.558951295833
8467,4077.748347636319
8468,1100.4682982700085
8469,11461.937003642728
8470,782.0305417894419
8471,3945.2661131196487
8472,1132.692381958139
8473,706.6079956606891
8474,558.6712851390412
8475,720.7127589580629
8476,613.4257377798233
8477,5567.056206817562
8478,2205.9659455878705
8479,1159.1112357438526
8480,5681.87397968123
8481,2526.461842095857
8482,739.6308692898112
8483,10219.060141950094
8484,1037.7266495824874
8485,982.4319059053632
8486,5971.490182651813
8487,4374.425268755452
8488,8709.821176280098
8489,2135.930138169751
8490,1198.5289013489767
8491,5445.1642068266565
8492,1979.7997613359962
8493,667.6578258428988
8494,2621.642398350259
8495,5758.825973608222
8496,14200.41411879184
8497,759.5787210668054
8498,14586.729697738145
8499,3957.806651651055
8500,15866.134471401596
8501,845.789203277797
8502,1357.3885831240766
8503,1798.1454665661424
8504,832.8596232832768
8505,446.5684817773342
8506,17294.86649299522
8507,1618.6570006567276
8508,6173.779185840054
8509,9957.241771454039
8510,6742.543046043387
8511,8557.08184652447
8512,726.4856644911504
8513,7220.552393844045
8514,17213.490195177787
8515,618.3641434815144
8516,460.7155271399813
8517,3989.435755946506
8518,8149.601289311839
8519,1865.5030755902635
8520,3816.2272426534214
8521,716.0210552854468
8522,5208.213846395285
8523,4549.927641242693
8524,9688.710482822995
8525,4064.790160114523
8526,1914.0803355705343
8527,566.3244099440674
8528,428.53950943537546
8529,855.2543713886661
8530,3419.8416755207786
8531,1079.1387148316112
8532,16585.078200496908
8533,11289.404092353683
8534,6432.848352529003
8535,516.4996705652826
8536,12302.780095781382
8537,2592.049030479887
8538,952.8235505480774
8539,3163.375195469509
8540,1686.3635635680937
8541,2292.9422577705923
8542,1047.0308849270627
8543,824.7108173409874
8544,10127.246916951708
8545,14933.389468844396
8546,4117.360755770866
8547,1004.1274808059939
8548,2570.002481600536
8549,1044.7017105832235
8550,607.7719767657521
8551,884.8555647558011
8552,881.492748035932
8553,2380.8942113857547
8554,1608.4031093534868
8555,12568.792531976085
8556,14326.111230540484
8557,2546.6668089776945
8558,636.6281393305782
8559,4454.999372982425
8560,445.70388742655393
8561,632.7417587840941
8562,913.50807727242
8563,3018.1338475830835
8564,1853.8743168910287
8565,739.8746800604171
8566,3984.3281390592388
8567,905.8199700812735
8568,5226.596198357118
8569,1816.2487676466274
8570,2690.116745983361
8571,1535.93877526379
8572,3226.663877471498
8573,6550.679025252057
8574,1321.3432911393124
8575,4884.39164593753
8576,2046.6048355736789
8577,1377.9737335966406
8578,852.0295291238299
8579,1301.672918261493
8580,2166.9283531854558
8581,805.9388993948963
8582,1087.9676253501257
8583,13083.89980206036
8584,901.5586928512291
8585,1668.2794749267698
8586,6720.864065054037
8587,5980.432686968049
8588,1467.9843543189068
8589,685.7477025081074
8590,1036.2788653620173
8591,1644.063786779631
8592,7917.510209091612
8593,3814.5178882162186
8594,6454.705669062579
8595,5886.939846638367
8596,3896.6129064164884
8597,11316.3370058948
8598,9620.2265625
8599,976.7699700773254
8600,4864.618063409689
8601,597.7615115858819
8602,3903.6532806578157
8603,1547.400712028799
8604,7704.333400189268
8605,2022.1908367583364
8606,7303.203827827971
8607,5017.753072624304
8608,12775.700587164753
8609,1113.5105017661679
8610,890.4003745644134
8611,13742.833927413869
8612,3550.322555854385
8613,4568.132586755133
8614,719.8802298845512
8615,15654.597264120817
8616,631.4870485285172
8617,1677.575477602359
8618,3331.685535219484
8619,1585.9736181739902
8620,704.1846078109634
8621,11420.161199057266
8622,5317.601900955898
8623,10625.237053928806
8624,707.5914577601698
8625,1923.8155844621367
8626,5079.657912494935
8627,1814.3776314219083
8628,4023.486928047714
8629,5114.36172227402
8630,573.496984214429
8631,1311.3818462606914
8632,2531.6080363873816
8633,2496.6486499677517
8634,942.3205046703904
8635,920.2062143867036
8636,762.7293054273822
8637,4828.672202935704
8638,488.73519165686287
8639,4556.614360636843
8640,1095.4785981277678
8641,1066.6147713257615
8642,551.5859247687414
8643,923.5878503544236
8644,13499.432937655005
8645,4430.780112557149
8646,3247.2419719000777
8647,1018.3522096792399
8648,5119.987365498036
8649,500.2653356270728
8650,4651.227677797835
8651,631.8581057537859
8652,10761.395222040854
8653,10379.44704001547
8654,1026.5811757629895
8655,1894.2445205071183
8656,5140.335692684407
8657,2170.384204424738
8658,688.9124426088663
8659,4627.274832231744
8660,2025.1910461705727
8661,16972.02926346841
8662,863.493389191741
8663,1958.907201128405
8664,4719.807595906899
8665,894.5784886046157
8666,8274.4946589172
8667,2844.3130194902924
8668,713.5487540189866
8669,7042.784942388653
8670,3705.730937079214
8671,675.1386436155809
8672,1628.8633616404895
8673,3601.9479230028346
8674,7107.761800095818
8675,526.4218497170305
8676,977.0851976858144
8677,3904.7151274366283
8678,1712.5795155942053
8679,747.914266214566
8680,6572.1246399391775
8681,1033.4894215738057
8682,17013.944813368056
8683,7853.213600155432
8684,5463.599937571736
8685,527.9666698948946
8686,770.4240203921757
8687,1367.2611283138613
8688,1606.4007746848915
8689,858.0698741609757
8690,686.5848471952919
8691,8675.413643842025
8692,934.1472920969414
8693,2255.3982942235607
8694,3318.1691782970493
8695,1746.7480657552535
8696,8941.15185146249
8697,1231.981592762953
8698,707.6674787292557
8699,522.8664213144194
8700,3085.0555751085058
8701,3721.20597861448
8702,1227.7376045861156
8703,3491.868312700963
8704,10844.300839739448
8705,3546.1986942552517
8706,6573.262524029691
8707,3929.986122483174
8708,16117.616661496464
8709,1721.2545147933943
8710,827.9846521190038
8711,581.0942490209274
8712,2345.939170868129
8713,4032.6771390762196
8714,752.2997442840812
8715,4318.19674185344
8716,1074.6121793888294
8717,2297.9590435198256
8718,11618.16945709095
8719,11814.506918039318
8720,2320.591526093616
8721,2944.1083814283984
8722,10142.387226229997
8723,3302.390160960246
8724,1629.3871888362821
8725,1065.5737229132126
8726,2150.099565409667
8727,972.0881016243279
8728,3899.5173191152367
8729,6548.383412408108
8730,662.0786344662725
8731,1819.9859294300009
8732,2335.6018096877383
8733,4172.940235681497
8734,2289.75627625387
8735,6646.380490676153
8736,1859.6264823550077
8737,5371.832531290805
8738,560.5041808889644
8739,3897.8338279339555
8740,2235.5499515310303
8741,7565.592612710341
8742,705.0207018805953
8743,875.2831198706052
8744,1682.8369918994574
8745,4819.924769429059
8746,4180.382646228212
8747,1958.5346365343132
8748,6446.409003513681
8749,2072.949361103472
8750,2440.035213184668
8751,1997.465754380292
8752,1096.1621853105926
8753,16499.399120767353
8754,1017.9554483876235
8755,1426.6771534320883
8756,866.3636156177668
8757,9553.222016280386
8758,2856.8712755879224
8759,780.3356205123033
8760,530.6988524109229
8761,6529.198349753986
8762,1782.1549250794217
8763,3068.4459811993247
8764,5868.746467797552
8765,915.262911108686
8766,1804.7537096781302
8767,560.1248329672433
8768,2829.533067452025
8769,5834.456602925211
8770,5883.989130727768
8771,641.7481420216033
8772,1439.5792613127594
8773,734.0293648354691
8774,1077.2948392763778
8775,442.8797697810533
8776,1160.1070699969723
8777,10305.684158074251
8778,3941.5905863201547
8779,17369.749272034027
8780,7058.7804852976205
8781,2183.585900102971
8782,2636.185487858084
8783,807.6200646615453
8784,924.0565274548518
8785,902.4211972470104
8786,3912.4470947284676
8787,1917.8524879039842
8788,1824.8766633362172
8789,946.1009348241298
8790,2870.4256617836254
8791,7380.6567355071875
8792,1932.7829561017431
8793,796.5527121478718
8794,2506.7392462153616
8795,993.268295465022
8796,5708.596201718274
8797,804.3688022657984
8798,2489.2667077401507
8799,1463.2121013054443
8800,1800.0480678930712
8801,9866.239947603213
8802,5179.55524915227
8803,14182.772155991424
8804,462.71114101370586
8805,7561.85317667527
8806,614.0146210175731
8807,2740.7676947220357
8808,13061.136115950028
8809,4471.606939588884
8810,12299.190269712255
8811,2988.6630006983264
8812,1697.70634267383
8813,5057.481756143748
8814,1869.4867711565541
8815,2499.3121264941788
8816,938.3034369102585
8817,663.545890819475
8818,3976.548744371271
8819,4466.181657500416
8820,954.2351576033504
8821,2395.7826905940933
8822,4730.172585562734
8823,875.3232399359908
8824,4140.6148691165745
8825,7328.456247642129
8826,3216.695589508372
8827,2758.293048748213
8828,1075.8442578132433
8829,5172.132970361001
8830,1296.4337086621467
8831,1167.9454983835517
8832,826.8762994110185
8833,16194.43528800776
8834,718.4470814663672
8835,16757.76596330414
8836,15519.852608377996
8837,9528.898245221933
8838,7741.819736565508
8839,17089.071055446555
8840,1699.0048601088467
8841,13065.70626365552
8842,3650.193454680424
8843,864.2936579413201
8844,2316.8681565196707
8845,1103.9238675726065
8846,9873.532030455615
8847,11059.471114583856
8848,588.1187117806054
8849,411.60823624522675
8850,13982.785877100523
8851,2677.8092058796824
8852,620.002702245376
8853,4737.949448277346
8854,5326.859903769244
8855,671.4888366110509
8856,8946.809208593577
8857,3915.7151671997144
8858,1960.2055301248515
8859,1088.1895300356134
8860,3347.7750021646075
8861,3894.6986838839725
8862,636.6666061391305
8863,7491.667208459413
8864,2061.8942045818144
8865,711.0151815290407
8866,562.7347619891838
8867,3325.8941497288006
8868,13047.768749957073
8869,990.8381908710262
8870,12370.057624038634
8871,8869.75243347736
8872,1422.0653223561424
8873,9001.147144697146
8874,951.8406214015831
8875,11102.352937931208
8876,652.3439773197655
8877,413.0199988779803
8878,5007.6383192150615
8879,375.26387970691957
8880,11677.007747875099
8881,5905.784710926118
8882,5017.839452057048
8883,4187.044859346528
8884,1025.215234004898
8885,13947.029478070552
8886,1364.6293064365077
8887,13606.949609391428
8888,7927.811004184085
8889,5485.610071119956
8890,6612.49013710216
8891,843.1585913550766
8892,1793.9691276991364
8893,2843.9522361736636
8894,6230.544535551773
8895,605.2284302547934
8896,5045.457784844933
8897,9851.812079953826
8898,648.7154291816983
8899,1065.5442737575409
8900,2811.2957423284556
8901,3914.2346207188248
8902,397.8538069005854
8903,2387.995670164996
8904,741.4530475324448
8905,2816.116776573956
8906,4029.182143372532
8907,615.0179293800505
8908,4842.084123413267
8909,1638.2052542717838
8910,1128.3432630772534
8911,653.3211573120685
8912,5846.91312313626
8913,7098.12871213677
8914,1861.6501652890868
8915,3237.2583154605354
8916,535.2820032228877
8917,4283.3251322183305
8918,11969.780645038887
8919,902.8437810188262
8920,4561.035481172905
8921,810.6045345873512
8922,872.711412405662
8923,677.0597512826175
8924,1038.3761370024392
8925,6355.691818787456
8926,2885.070676180063
8927,9153.420971902764
8928,6405.91880889538
8929,944.303818011869
8930,1694.4505781442276
8931,1068.5831554592269
8932,1734.9620652764124
8933,932.8737008710051
8934,458.2873678860634
8935,789.5143161218483
8936,643.902006279738
8937,1226.1092170099741
8938,5064.9915180632415
8939,4818.51940141966
8940,13983.929419998598
8941,5696.567051412234
8942,2823.924419105741
8943,3273.0561298440716
8944,769.4148981573495
8945,3116.0996567219136
8946,1044.1316970111982
8947,2690.4233065941835
8948,647.9964955448504
8949,5225.844280730288
8950,9164.946582859715
8951,2330.5646431285895
8952,2481.077219347818
8953,975.0218046748464
8954,2736.112104405127
8955,4885.092233748751
8956,8095.409497499825
8957,788.7162021707562
8958,5550.5089316749645
8959,2702.9180104897764
8960,13261.850625028375
8961,3837.81433362077
8962,3431.6913859650263
8963,3606.7065462772425
8964,3508.997951891254
8965,4746.601906323202
8966,2368.586813286577
8967,5680.331051659538
8968,2729.96164027858
8969,1606.3640171607792
8970,608.1349686824278
8971,555.5308566042469
8972,909.6246051728142
8973,1494.856154173375
8974,7931.578620358714
8975,625.2214005881374
8976,16010.999933873427
8977,6395.412589875854
8978,2312.9422501446084
8979,4734.030933496495
8980,8467.270137328029
8981,4947.19684609356
8982,1721.3254851798702
8983,697.2345559522164
8984,6915.044255080037
8985,4657.066117035956
8986,5394.4957490724655
8987,772.5856378296271
8988,411.16799846043335
8989,2127.7093033553933
8990,7084.654332489553
8991,887.3759717482473
8992,1697.307672692674
8993,3781.976965308138
8994,2840.4674347675
8995,4469.845680446038
8996,4227.388933298104
8997,4604.569175938397
8998,14058.951217133219
8999,15385.315162374376
9000,1065.428589604788
9001,5805.4460647054575
9002,708.5704961985017
9003,7976.656450845812
9004,866.9026676489
9005,2536.629064048101
9006,2671.3035180201628
9007,14537.804046161482
9008,7569.137543632665
9009,5548.666777349404
9010,697.1586170851001
9011,1413.4508643576407
9012,1030.4584988725833
9013,2666.9173211590373
9014,757.6545875197824
9015,586.2641928619978
9016,14799.078888827675
9017,15750.790889353433
9018,9448.419258910733
9019,2171.969714533764
9020,4046.3201601717915
9021,1087.1217933635276
9022,4061.7485673517526
9023,1269.3477485741744
9024,4341.082625341405
9025,717.1854808656394
9026,15716.598802649456
9027,3511.7661913457337
9028,16164.065048199405
9029,2302.610578949058
9030,995.2970954182609
9031,2306.0047131687247
9032,615.8477378266891
9033,3977.55213202611
9034,4208.452970662361
9035,4015.5706878791025
9036,7480.2163563209815
9037,3482.6606115292125
9038,769.0175882513844
9039,3258.193779830346
9040,653.9241989484108
9041,847.7518829832372
9042,4972.627005520307
9043,15008.998690166172
9044,8601.870046641363
9045,7333.207599221396
9046,669.8552629965712
9047,14834.976383960404
9048,2164.026889757311
9049,640.6352750294691
9050,2043.9710331675556
9051,986.2100837832459
9052,1814.0299898490277
9053,6522.694819405384
9054,2282.400807050329
9055,7257.2783011160545
9056,2200.230954007426
9057,1572.1514475686033
9058,14171.759000224076
9059,1153.1411215724759
9060,547.8482077417921
9061,2437.9517803545023
9062,512.1863205979749
9063,703.5432968609352
9064,573.6860712001204
9065,4328.306891914943
9066,754.670939868686
9067,8370.611039764728
9068,4701.498845637673
9069,791.2689791979775
9070,9371.667057659975
9071,17153.73573560904
9072,1055.7350648673953
9073,9669.822685439627
9074,6772.375566532016
9075,7711.9677734375
9076,4680.5135196246165
9077,1332.2578579806197
9078,1747.4134726741736
9079,3996.9522061797006
9080,966.6690522363474
9081,8053.250000419757
9082,1094.3845617958516
9083,890.7074138087764
9084,1723.3729724410923
9085,3781.6059446399277
9086,1332.1982783775177
9087,1500.1686320508418
9088,668.0214285041058
9089,7211.4621883743
9090,9130.148643095175
9091,16519.791387287743
9092,871.2030582591377
9093,3375.7362577686513
9094,761.4869541332638
9095,2161.707953421058
9096,1709.4184433720973
9097,2597.413237097294
9098,10942.286678666567
9099,2406.4963154575616
9100,472.0882418935406
9101,3164.1049523959286
9102,746.6416918977608
9103,1397.1181101136033
9104,3453.9597230407294
9105,2142.731123545075
9106,621.9419839233202
9107,4231.989632130395
9108,480.58213171578063
9109,2167.7407601982068
9110,5877.122015056688
9111,1965.0758401650978
9112,4852.262535734215
9113,1023.5622819566606
9114,13244.783329837474
9115,4422.125023351686
9116,971.9729415283218
9117,765.3999123147347
9118,865.3951641757118
9119,11049.074849955474
9120,12166.607136846018
9121,6444.054310014758
9122,5071.560401381176
9123,698.3727392201841
9124,8843.857800371345
9125,8044.77453946948
9126,2716.4177851429645
9127,922.6972218240711
9128,3395.3261675746767
9129,509.21485468768105
9130,15538.347118334636
9131,9566.88569369213
9132,1217.3657219547513
9133,4050.1511267221404
9134,4377.1231833187785
9135,852.7835252521469
9136,618.2812048167783
9137,1777.2541580010018
9138,13270.544427086392
9139,5300.739787292063
9140,7225.743695551644
9141,693.2408550768225
9142,3670.1472242795326
9143,7202.688943797665
9144,4164.163504246133
9145,3282.577299031969
9146,6563.039907917291
9147,625.3482021472961
9148,963.4216501683424
9149,1136.9328384405508
9150,10004.780985310965
9151,1119.7445803141793
9152,2517.330891991095
9153,755.171205873427
9154,1828.7786500379088
9155,5081.827319304913
9156,13497.91371891164
9157,17929.629246338023
9158,1789.5689938836922
9159,9016.473154964913
9160,5301.938455888634
9161,13437.09220392062
9162,2501.365844170809
9163,994.5114524072627
9164,1180.54423732738
9165,3145.8679016714855
9166,898.1280601381955
9167,2058.374552597951
9168,1034.4371245339298
9169,14121.63268899911
9170,4052.590672024856
9171,5601.021972712448
9172,1523.2451133262202
9173,4582.693606924132
9174,925.53137130883
9175,3279.7391179521214
9176,1985.748570360379
9177,678.0111361388115
9178,15892.083609589521
9179,1661.69213942308
9180,5396.794270984972
9181,1765.295119698929
9182,4921.1678764312455
9183,718.9739331128476
9184,1166.3549056227082
9185,530.9611099839758
9186,8418.271249490464
9187,2772.4944969600456
9188,12468.376827562852
9189,4122.177649433183
9190,2597.702311952539
9191,5515.291693661705
9192,1283.881674772547
9193,1837.4109042837517
9194,2569.2550943219503
9195,3053.817841067981
9196,722.330248480339
9197,1818.3343787557515
9198,7750.258274822618
9199,4419.866651097746
9200,3358.2965505470784
9201,9328.000943520768
9202,10114.651040507459
9203,559.4592469313876
9204,1254.80654170767
9205,3071.4515281082695
9206,4352.937194738325
9207,4897.266320099485
9208,10235.190653536782
9209,12959.39878968372
9210,717.1343668169592
9211,873.1882126938488
9212,11713.725197597932
9213,8754.734109472747
9214,1837.5138233805621
9215,7838.448336859986
9216,1139.7388702490482
9217,884.8088938526492
9218,11410.910793562145
9219,745.4931282906905
9220,2100.212840405922
9221,5406.800721514376
9222,1625.256612316787
9223,966.1326330519497
9224,760.0559519925962
9225,1290.2800997029021
9226,4261.374683640567
9227,16504.038303889934
9228,1498.2464671801242
9229,774.5979722983147
9230,1344.3086822619764
9231,416.1614379857036
9232,1099.66495442635
9233,2796.973810997449
9234,15728.433426885864
9235,16468.115314624192
9236,3094.3506761238154
9237,2177.964714195289
9238,1372.029618609869
9239,3600.1343661007672
9240,1627.06950920572
9241,986.9047774120706
9242,2113.4678835444756
9243,3275.408066334467
9244,1096.2890745485265
9245,6388.049682300782
9246,2780.368210545174
9247,771.8771657674506
9248,941.8781864012464
9249,706.6355224291892
9250,3064.861596683422
9251,3318.8718288183672
9252,1831.360694283022
9253,2215.0617684388526
9254,1540.2990957511643
9255,1714.1656372268967
9256,2230.0334082392365
9257,873.4922417693776
9258,4128.371367469235
9259,805.63929333369
9260,6402.112019440132
9261,9257.78886583702
9262,5674.630773918514
9263,10830.584081468709
9264,465.89472671594285
9265,8821.044098337241
9266,14262.549205786769
9267,1729.1221778728104
9268,4629.3262311337785
9269,9579.263713861363
9270,781.5644185738136
9271,1743.5954562207198
9272,1796.957985187187
9273,5118.466127756956
9274,2540.377675583317
9275,648.0196310470221
9276,1321.129679387722
9277,4572.7109761968395
9278,1310.7729660851132
9279,10850.17202072039
9280,3470.458539200692
9281,2915.656412399365
9282,4565.686513908481
9283,3607.0023330641197
9284,4456.812687094531
9285,8873.549693909896
9286,2451.3742260214417
9287,6860.4695042817875
9288,10998.77261212199
9289,464.57891789865175
9290,13482.474069225002
9291,14970.544630353901
9292,4334.786195399001
9293,1040.9375319585913
9294,1192.881045014134
9295,2378.5291315869467
9296,557.2145715079629
9297,9284.454285930056
9298,672.6289164302018
9299,2046.0962037125346
9300,6239.219893746952
9301,3056.500038273613
9302,2972.535387633579
9303,2709.861005582601
9304,694.1850141594689
9305,1328.900843324747
9306,2252.024388236382
9307,7869.14995664512
9308,2883.8832726974874
9309,895.5136195530281
9310,7724.027573746722
9311,10193.554030223358
9312,10261.718485088628
9313,5405.871645763818
9314,418.0871774356325
9315,6615.517079130834
9316,5101.426446748848
9317,1908.7764252183779
9318,1812.412446776999
9319,2123.397908403931
9320,658.995995454319
9321,736.3042348089164
9322,11712.257076167965
9323,1162.6193590467915
9324,866.2441400988009
9325,842.5201730251958
9326,3367.77206161413
9327,3502.6569863991617
9328,1249.1836018304523
9329,1381.242392137593
9330,9157.354644494348
9331,742.2404657560758
9332,4767.551263539167
9333,5430.016911552675
9334,2388.9343630245626
9335,869.4797583784804
9336,6488.935676961608
9337,538.3117385147611
9338,2150.5446712856847
9339,4102.266791844048
9340,1074.6744010859675
9341,3549.2239212814525
9342,2197.596910943891
9343,1008.1834731554704
9344,931.8569015580003
9345,15826.029937045698
9346,1686.3635635680937
9347,783.9742177156241
9348,537.4566190892785
9349,2308.7435296067665
9350,868.9714221012703
9351,7651.479011038766
9352,1042.7580442231833
9353,595.5034916669459
9354,6355.9042701634835
9355,600.6713474788625
9356,2329.0935763554053
9357,7553.182280965533
9358,1021.7080488968157
9359,4228.915384450528
9360,6986.918773278928
9361,3128.6219953141695
9362,3394.5743653105906
9363,12984.486709096966
9364,10869.856725418229
9365,4959.181756575062
9366,4127.803142337209
9367,6050.224880586638
9368,4156.869257291191
9369,8324.692674803153
9370,4903.435395262587
9371,494.027560921657
9372,512.1874457000354
9373,3143.459312241383
9374,1492.5595223625214
9375,3298.2026920736125
9376,14368.307774443887
9377,501.02880905396074
9378,4308.072428198097
9379,632.6088654366902
9380,3013.1324873006256
9381,12423.330879131972
9382,3777.944954385986
9383,15898.244627473801
9384,4896.867131231349
9385,490.6516932905084
9386,3453.5569701649147
9387,536.5694806366162
9388,16297.71357076892
9389,4721.490073679359
9390,13540.675344285275
9391,607.6581268038038
9392,8988.439303444582
9393,5829.535543019198
9394,795.8975213742164
9395,4247.015234794497
9396,747.71442669494
9397,912.8546353171606
9398,4788.432189422037
9399,1078.6419925519072
9400,7454.255786822703
9401,7562.967194550719
9402,7100.189502768991
9403,10756.143458618208
9404,16806.782051499842
9405,7458.723160827677
9406,536.6630032245181
9407,701.325467470928
9408,6423.899513203282
9409,3295.0390896744702
9410,641.6127066591265
9411,10726.5689914718
9412,4504.792176325517
9413,3629.7885866510924
9414,7452.58084084324
9415,1865.0176118134075
9416,536.3279188250497
9417,13680.818190131886
9418,16474.935419204074
9419,3530.082254612457
9420,3411.4436710287196
9421,3089.187612010051
9422,4122.794314835505
9423,1335.593682675992
9424,4390.416861917044
9425,14728.148478504825
9426,776.7292665111821
9427,14417.284558975483
9428,1967.8358305874926
9429,907.1857128207394
9430,917.2805880126245
9431,14087.403796280994
9432,3007.4991403685867
9433,5804.161640524895
9434,4068.94736888236
9435,4484.506423352686
9436,10026.890966097191
9437,3684.6027063400934
9438,4518.127050891552
9439,1404.4502081343092
9440,9989.320667129154
9441,5064.283032592892
9442,1314.3519383982211
9443,7398.952229126013
9444,16567.96379539824
9445,7158.316942327655
9446,2468.337308087214
9447,2221.0206678903182
9448,601.9837535308974
9449,1272.7418534427886
9450,12050.41803888121
9451,1017.0155615825457
9452,5591.917871480219
9453,4113.99697982556
9454,788.6754770453108
9455,6213.772168850552
9456,846.2359606592496
9457,1590.2542775421678
9458,5579.446864681242
9459,9859.983084006624
9460,654.6050779648801
9461,405.7381287101293
9462,15137.848673470404
9463,7338.675437412523
9464,565.0825479541729
9465,4584.686819677037
9466,14437.21905809303
9467,1262.032030897026
9468,14617.323804217342
9469,2436.6380494947175
9470,613.382456761616
9471,12455.411034641165
9472,12057.037831920965
9473,702.0267530392985
9474,2554.416357500633
9475,5048.668641943755
9476,5458.144783847357
9477,5308.885370668435
9478,804.4880283621843
9479,437.9992243025607
9480,8775.405736083709
9481,1319.115198669055
9482,1726.44436403017
9483,3692.728920758583
9484,1807.1808671164936
9485,1397.9227949140522
9486,4585.218582324892
9487,2559.028061592792
9488,3093.3344640970895
9489,4273.035529222511
9490,4412.223683577594
9491,4947.776597474871
9492,1439.6923220680178
9493,694.1737421255322
9494,655.4967586653981
9495,2469.9877922389865
9496,16699.71947105425
9497,497.8717688901366
9498,775.9808165566578
9499,590.9929888174112
9500,2499.0592184385505
9501,736.6344023304437
9502,1175.9711523789965
9503,2642.418426295232
9504,5094.238304874538
9505,2020.4452138552213
9506,6561.576451161137
9507,4612.48630877847
9508,3540.9495956685673
9509,17554.01202804869
9510,1639.7181260558946
9511,599.4195208631965
9512,3856.214046156089
9513,2778.5155908146216
9514,768.3320443865002
9515,4725.184326092011
9516,16339.593505758488
9517,2307.7845332955526
9518,758.3498478726241
9519,1772.2735899897614
9520,2548.7097251315463
9521,1533.587931934338
9522,4341.591346064847
9523,5594.302045622128
9524,3402.607770136797
9525,3533.5238393122513
9526,5190.907935652735
9527,2750.400780050094
9528,706.7782115879024
9529,851.2533339508257
9530,3389.0429926516276
9531,9791.12742825897
9532,1177.6158239044742
9533,2367.3252499964096
9534,5337.848264576407
9535,1077.3077812144577
9536,3338.1875389959414
9537,3509.7762782265336
9538,4548.769176877219
9539,495.8082594398239
9540,2009.7644954135612
9541,768.367516720088
9542,1987.2127834904672
9543,1332.1338511758897
9544,3028.438303563145
9545,965.0772884762613
9546,5242.3244087386665
9547,755.1997426436467
9548,2343.2700024700735
9549,3046.294947321849
9550,5351.780940613182
9551,1040.2332576165693
9552,14949.311407141262
9553,600.9806518514032
9554,921.7058269564616
9555,16631.14226772893
9556,2192.530118299284
9557,15541.543348974732
9558,15810.398270316513
9559,5877.835365542918
9560,1350.2464685512402
9561,464.5092705862834
9562,867.5221357245903
9563,2774.8917094939357
9564,3591.2748297987605
9565,4675.2511701327
9566,12596.893663107989
9567,2355.8358448980644
9568,1945.5143044934132
9569,5123.498306489414
9570,6807.084050015584
9571,7898.679310042158
9572,9092.914080650105
9573,3731.6125746604985
9574,3857.5564996160574
9575,710.4565827654176
9576,8059.092347543628
9577,17786.58523670551
9578,762.5656253290896
9579,2404.237838533594
9580,858.6572686780135
9581,425.8023048491484
9582,14465.335038442461
9583,15620.248867877977
9584,1077.0430224834822
9585,3225.025242128312
9586,15929.753781942067
9587,1693.8598016351962
9588,644.2146899185785
9589,5763.765058165899
9590,3010.2844142445997
9591,1922.322845082125
9592,836.9199624109203
9593,5337.828318217439
9594,6898.981442528843
9595,1746.7607403612785
9596,6432.469988138932
9597,13256.450127099357
9598,2150.115772249105
9599,708.8570709811511
9600,863.1094647767093
9601,5521.042016608446
9602,7693.3554339946395
9603,559.9095499087041
9604,13039.326580589059
9605,16240.188434426567
9606,12532.584056609041
9607,5652.398353289948
9608,4329.960488280801
9609,587.676625421001
9610,5397.478911904447
9611,692.0600369519486
9612,736.6291009142756
9613,2405.3908532595033
9614,1151.7443290483354
9615,14165.563883820609
9616,7339.159986912519
9617,908.4285331897926
9618,2614.767011902136
9619,3124.1825855851052
9620,6162.301320455896
9621,840.1807357564941
9622,12249.365927938115
9623,7397.495448603767
9624,1917.687622154845
9625,10778.76157756317
9626,532.3658453482276
9627,1038.8215880711914
9628,559.3462221718094
9629,651.0021661787883
9630,525.9412024782819
9631,1730.6970119750408
9632,5731.026243400471
9633,583.8272001953579
9634,593.993353854512
9635,2359.0305441881683
9636,5482.227895241091
9637,2577.4890191255454
9638,397.3672378632763
9639,5018.2111043629075
9640,8526.216089443622
9641,810.3055733148462
9642,9044.653424878901
9643,5645.625670767532
9644,1431.461808422565
9645,6741.432944373545
9646,504.9192352274119
9647,546.6726514239542
9648,5378.738277036291
9649,4658.693997987745
9650,2619.375049831626
9651,5030.6539466779595
9652,1599.138588062058
9653,759.0817223019377
9654,4409.619138303515
9655,5599.544480461453
9656,414.31795432994204
9657,975.5099567464582
9658,7316.472462371382
9659,1104.8643633017657
9660,819.4755336753042
9661,5020.091272884414
9662,4349.21730314585
9663,3018.6385783941305
9664,4824.219776917185
9665,970.5930905075185
9666,813.2504959536885
9667,14193.98462212003
9668,2519.6922348550424
9669,2283.9667482787827
9670,931.9893543186878
9671,2392.298732237242
9672,2214.7109429033126
9673,1132.351685403519
9674,9752.99578807927
9675,7948.621151336804
9676,11596.842160418924
9677,3505.974649432759
9678,1084.2852517776669
9679,5270.301971126914
9680,420.7237941693229
9681,2166.963162023171
9682,2963.6588408250964
9683,11370.189887934628
9684,4461.40230892392
9685,2043.9014089011248
9686,5485.717869595412
9687,13165.778404786379
9688,7791.560747553082
9689,4718.580300538354
9690,753.5017900507255
9691,1077.0340590008097
9692,1634.1204269224006
9693,9882.05689835808
9694,682.0205191057894
9695,4745.946247272704
9696,1305.2734513783582
9697,833.4398674448914
9698,451.4711190835432
9699,7035.360963669534
9700,4137.532657956269
9701,453.7830749545203
9702,762.7293054273822
9703,761.9860141090312
9704,6336.005111010509
9705,437.17320671246034
9706,412.9274024273214
9707,2146.506282741859
9708,683.0360213869026
9709,2100.898853946535
9710,5559.201422435611
9711,14328.058315333492
9712,2506.6366287335063
9713,6305.391891450692
9714,3698.0921156836966
9715,667.43744385168
9716,6670.445008302532
9717,4873.3076171875
9718,532.7078533335114
9719,8900.680656554941
9720,1955.9494444638362
9721,14896.593322654278
9722,3120.181876601825
9723,6641.414353783223
9724,18000.0
9725,5296.242332208287
9726,2444.4253640190436
9727,3088.2164125220347
9728,5039.668012067403
9729,7641.385159057077
9730,1017.2399381381057
9731,4719.206443116951
9732,5337.232366779141
9733,1827.2906838598894
9734,5134.197943291564
9735,925.3082421754896
9736,6133.343618282057
9737,1006.2319159890172
9738,2342.1734860310003
9739,3279.5302534179477
9740,487.01296163951883
9741,6625.152069809289
9742,9137.63094985864
9743,6730.721001958945
9744,632.7417587840941
9745,8801.08866010729
9746,682.9253393681723
9747,3553.7897805716407
9748,1120.2780739885638
9749,3736.1230753445766
9750,4423.679116150249
9751,13493.319360020927
9752,13812.780278497812
9753,2855.5924146349785
9754,745.3593739413319
9755,778.7200733031492
9756,1322.4134097008425
9757,4747.066393058298
9758,2388.8863685578767
9759,860.2663576302308
9760,704.4779922590742
9761,5626.572327454693
9762,783.1040054120427
9763,1029.0540309839355
9764,3481.425769849167
9765,755.7150096692045
9766,1403.2777315123133
9767,2649.3291006683316
9768,1356.2500323310455
9769,3809.051349092083
9770,1088.8080085369336
9771,579.3367076431675
9772,10230.457233835876
9773,11942.919921875
9774,2800.9958651248744
9775,3305.8306799343686
9776,884.5423671992011
9777,1001.4788429316422
9778,829.7725437189969
9779,3719.1702620548654
9780,2901.452637734186
9781,874.7892391366296
9782,12169.939350609111
9783,2227.0037865466606
9784,2315.541924274935
9785,1114.297873952497
9786,10501.770373263063
9787,952.5457084745348
9788,7122.180962217143
9789,1215.3169210299288
9790,1074.8948666775004
9791,681.2614090233682
9792,1039.132681195259
9793,4735.012753531168
9794,3722.5745991511985
9795,520.2894434827064
9796,1775.566832277784
9797,8341.030111804837
9798,5152.766732936455
9799,708.2567302144276
9800,16275.28745341823
9801,4796.867863401101
9802,536.1211882698573
9803,1606.1871371710226
9804,14193.083629103548
9805,8999.808888536472
9806,3292.919944167309
9807,966.466214618182
9808,9268.022968752075
9809,860.3085058436176
9810,898.2261563084782
9811,6038.403997253964
9812,1809.2799744365034
9813,2745.5649499112847
9814,4239.9984963874385
9815,4638.965329533945
9816,3415.0681396075825
9817,2761.2682922314975
9818,703.2564291384425
9819,406.97131655184546
9820,703.2967276720784
9821,1254.3708462032296
9822,1912.4054274631574
9823,2167.0003277488827
9824,11542.983764178482
9825,9592.525007078517
9826,629.0529155500171
9827,17611.093745413506
9828,948.6403406712031
9829,4095.1529343201055
9830,6280.049792835731
9831,573.0939835227053
9832,627.6860579575269
9833,11049.07273524923
9834,5416.791955016245
9835,4197.18918612346
9836,7868.174392189556
9837,4411.716527460738
9838,16507.53125
9839,2311.9540778786227
9840,4809.767500191065
9841,3832.8712020428798
9842,13368.68883863949
9843,863.0855191471293
9844,16534.478354931143
9845,647.9824045264573
9846,5707.476866321902
9847,446.16369514123915
9848,7225.250142143911
9849,1824.2840297781145
9850,6325.213977901271
9851,2725.618627385771
9852,937.2332213885192
9853,10142.599893019456
9854,747.8316069301692
9855,716.1807886811933
9856,5352.295641922706
9857,416.46471196230976
9858,7446.778078532701
9859,2102.592501592592
9860,15014.454827640115
9861,15314.249539823897
9862,684.084543307856
9863,932.8595245969583
9864,14962.981642018747
9865,4595.7158094755605
9866,8200.273601419638
9867,3341.2242956788223
9868,5250.372304703589
9869,2086.727698362393
9870,1243.1879592135583
9871,1297.5650709947815
9872,4318.393030231821
9873,863.2036969898397
9874,5517.111447750124
9875,4612.911759060863
9876,4743.044759405475
9877,538.265107271272
9878,7174.14890065574
9879,1320.7557948167187
9880,6026.573511268642
9881,1381.2139844500723
9882,861.4358433855263
9883,772.2653615930257
9884,2564.83177989351
9885,2572.668379248238
9886,4365.776730510856
9887,1100.5606931230598
9888,5335.898524334928
9889,14121.63268899911
9890,887.4153293968517
9891,3975.7335555773097
9892,677.0597512826175
9893,3800.456250112641
9894,555.5838407314758
9895,1077.474876354545
9896,1023.9764511277418
9897,2453.5301496912452
9898,721.5538887370427
9899,5858.480335229512
9900,2563.4624858712245
9901,4211.814066568868
9902,2961.1134822470462
9903,1729.1710583594393
9904,1383.6415948565057
9905,2673.523068142812
9906,529.6096245326654
9907,1031.2502176776295
9908,7684.322762209617
9909,12425.677964475972
9910,1079.401093450495
9911,9181.121196662956
9912,656.8232148279026
9913,736.4922016244445
9914,17593.594040587257
9915,2890.8709744023654
9916,10393.737957531117
9917,641.2116063897402
9918,3293.055025617551
9919,557.7350768721537
9920,1098.6102022975506
9921,2313.317687029508
9922,3163.2855234433096
9923,11925.46895967826
9924,1425.5127909819678
9925,851.850535793809
9926,6482.831969599671
9927,577.215409846845
9928,4631.452900974001
9929,7482.227569721008
9930,4627.604826912448
9931,962.0029529001704
9932,2135.099054092527
9933,1262.890622211566
9934,9327.72388396065
9935,4413.189947411877
9936,14193.083629103548
9937,4036.0519500633063
9938,2506.351463069953
9939,1029.641085802242
9940,791.776120577069
9941,1001.5308567656284
9942,6413.75276476768
9943,9025.65882385671
9944,14032.51113555411
9945,3470.341319988278
9946,2423.695626505428
9947,5033.110264795385
9948,8243.745423087317
9949,2624.2974632844207
9950,2891.4444205253553
9951,4996.084173649098
9952,1700.6658621125634
9953,3453.4574202751173
9954,1683.8180838435837
9955,503.4369388769402
9956,8584.170693884267
9957,6431.303278042289
9958,969.2524062713647
9959,2850.5248141008806
9960,2555.8603217016107
9961,10840.154556824773
9962,7937.876737345842
9963,4057.593699383344
9964,1238.3353235983575
9965,2912.753300011132
9966,631.510475922783
9967,2555.058293471642
9968,523.5751953125
9969,18000.0
9970,436.4771580189815
9971,501.3417548071503
9972,13584.392908524227
9973,7892.269011734773
9974,1330.556704105932
9975,738.7057811098157
9976,3228.7896534896754
9977,1928.2995981833833
9978,5524.294015444852
9979,937.3358199849681
9980,1008.2721919688503
9981,1493.0702293974966
9982,4321.560153210027
9983,10668.878380879203
9984,8632.097744926872
9985,8502.776048054937
9986,11045.182099420877
9987,7569.885793038776
9988,2931.67490958552
9989,958.843366041367
9990,13746.098032576947
9991,1736.0531491295314
9992,918.0297601479255
9993,8735.518869761083
9994,4520.787352470644
9995,1799.5489925549373
9996,1029.9097272985298
9997,1863.9780156684092
9998,6605.941187712513
9999,5112.656364427406
10000,6700.2251403210685
10001,1103.2660258632177
10002,2305.642269517073
10003,707.493096899309
10004,5200.837802723875
10005,8925.985320011832
10006,992.6141816423194
10007,3512.781626332712
10008,5423.809623218798
10009,814.0934808559239
10010,8484.674592913872
10011,755.3825388598792
10012,8113.807452448079
10013,3191.0638002089445
10014,601.0216962290503
10015,557.956645388451
10016,1136.5181412285465
10017,1897.9904734169677
10018,3559.681813402804
10019,15687.677537487185
10020,769.6739210478518
10021,2775.478491593607
10022,613.5622705726958
10023,1025.9597030667096
10024,6814.233986024168
10025,937.4367345149832
10026,512.2927115568905
10027,736.0281982518668
10028,1031.4017979291075
10029,1467.0794771285246
10030,2397.414923380728
10031,4868.676185336455
10032,5219.016176909807
10033,4419.538477225875
10034,4762.277128776881
10035,3122.0870259321227
10036,3264.7166513366496
10037,631.629415243969
10038,14850.58338791103
10039,2737.1795251493077
10040,4241.978287090001
10041,9103.083940619743
10042,4199.144609238579
10043,5377.678279239776
10044,5670.087453044123
10045,759.2215626645012
10046,504.91801977550904
10047,1033.1885360904676
10048,2863.7283432576023
10049,8457.059172816742
10050,8265.469005855348
10051,11635.400609580141
10052,3502.7609739085387
10053,12149.114216416961
10054,1283.0823968841164
10055,1370.9059053836054
10056,755.5203603170834
10057,3793.463137465304
10058,11934.97023500318
10059,6252.138106335967
10060,717.115350006322
10061,7082.346517155716
10062,854.6815536139039
10063,2954.0366063469196
10064,2060.559962805909
10065,8440.884069476077
10066,871.2068708033511
10067,2907.9697772864083
10068,2775.609199407051
10069,932.903878252158
10070,435.0569324356335
10071,656.0346793284898
10072,480.8524331833645
10073,4175.515902691809
10074,6674.554277751351
10075,989.8114232819153
10076,5637.723707363481
10077,6786.305633491272
10078,5905.920519919508
10079,487.8677843586142
10080,7790.865733872197
10081,922.5175480100835
10082,717.1343668169592
10083,15871.535038969423
10084,4339.194672255951
10085,794.2010229070216
10086,2421.6294149259256
10087,747.6666297451659
10088,13643.24112301357
10089,4209.613475855792
10090,12745.634646528815
10091,4007.2106998250906
10092,2115.4297687051985
10093,3922.039186047542
10094,4166.349125800737
10095,7637.7123980557
10096,6961.6802040168295
10097,6367.4440414963265
10098,2086.996404024797
10099,2868.851778340652
10100,7205.550680860965
10101,840.2876152724284
10102,2771.578562747718
10103,2892.3954757999036
10104,2696.5487088432387
10105,2566.3133643596348
10106,6178.764005398046
10107,4418.661448296961
10108,575.7584065771406
10109,5875.149985899983
10110,683.8031997396633
10111,596.906800206126
10112,3974.624869297309
10113,1728.0257572849314
10114,480.58213171578063
10115,2268.1350104965622
10116,1023.4020602345263
10117,8818.172293462505
10118,602.101698150474
10119,993.4159875542672
10120,4307.783184919228
10121,5555.282363941204
10122,1339.026641779486
10123,1250.3853788539361
10124,1838.2566812270902
10125,1439.5074429474
10126,3926.019551295517
10127,3086.5123517974894
10128,1700.4028315293522
10129,885.9691067998938
10130,2258.418325084793
10131,497.86946641018613
10132,631.4870485285172
10133,7270.180442943184
10134,7107.940681442355
10135,4427.470022924449
10136,2520.5336518274976
10137,3261.2993614340166
10138,1918.06810723542
10139,6345.4971629218635
10140,3767.940171232424
10141,4782.936854570925
10142,694.1111573993571
10143,1043.0169915177771
10144,10821.8175866591
10145,856.7089613609044
10146,7280.276104969111
10147,899.4442787214431
10148,635.3112640129133
10149,1807.1806358389404
10150,674.7354692763547
10151,1054.0050870174111
10152,1609.2045087674258
10153,6057.731120604654
10154,908.4285331897926
10155,757.055066178031
10156,1289.13035891583
10157,12447.502999259406
10158,2326.6152659606614
10159,888.8549653284692
10160,11677.01299698284
10161,8543.51477691589
10162,2320.465332253491
10163,4528.223047052685
10164,5178.414136805473
10165,760.2706041329652
10166,5342.660867559038
10167,2567.8212356217455
10168,1747.741789129919
10169,1155.926973984037
10170,828.8783711223508
10171,3608.8776593390808
10172,2974.8592722232565
10173,2213.743339618768
10174,802.153088695056
10175,1301.8690785688261
10176,665.3870021313427
10177,1323.9650221152137
10178,4522.239500534343
10179,1065.9850970812074
10180,4904.916142326657
10181,15695.562733490524
10182,13174.430065251965
10183,5544.629947607704
10184,2531.298702122875
10185,1046.3766240123591
10186,931.6190431676627
10187,677.5414454376152
10188,1724.8755591449874
10189,5304.4457313583425
10190,8491.000247327707
10191,993.591389708925
10192,3176.166195765349
10193,574.3950890133539
10194,604.6606622117229
10195,3359.077717390563
10196,5282.991484567545
10197,545.379311065391
10198,2516.7116537851243
10199,7804.590305105828
10200,10505.439641025523
10201,4799.111864077428
10202,6763.631569157759
10203,486.4807878671069
10204,2568.2843091377495
10205,1354.5505825736327
10206,605.4951811458538
10207,11906.570245985833
10208,12370.54329019608
10209,401.06810162213935
10210,1030.671025828334
10211,1135.619002087056
10212,932.3808511917613
10213,10347.682649242995
10214,2811.231520639728
10215,1639.7256854524253
10216,8874.4764697737
10217,1900.9556305117005
10218,3034.2398055506214
10219,4486.255832347658
10220,999.0637008550225
10221,5435.199584783541
10222,767.6047776523152
10223,1375.239410683151
10224,2131.8634819004733
10225,2459.148103433438
10226,932.2168020674737
10227,492.68963713249894
10228,588.830010876267
10229,761.9084394034517
10230,10430.28048020791
10231,3071.910799614493
10232,706.6563980791648
10233,4095.390121689234
10234,6979.964978778598
10235,1017.8055276130274
10236,441.38431588757555
10237,9879.855485916109
10238,6499.354826699224
10239,4828.642449467844
10240,687.5875619654083
10241,7972.641433215362
10242,2714.0093291812796
10243,742.4648882234836
10244,4658.693997987745
10245,1883.1717277916605
10246,482.8787454150713
10247,16908.429490312705
10248,15317.566960467628
10249,16809.549717498197
10250,11418.93526479515
10251,698.1969760192355
10252,6163.028953305975
10253,2510.3961137796364
10254,1700.284169589579
10255,489.58472698371895
10256,1727.4599622054795
10257,2213.9484583441736
10258,2235.0800504599993
10259,6841.386942781289
10260,3116.4136776431574
10261,2973.874316539383
10262,8304.631587875516
10263,855.6563678427226
10264,4517.10264165954
10265,871.1092636030762
10266,2256.505782060315
10267,501.1390359038466
10268,770.0557059195919
10269,2136.533028845582
10270,6508.460435056955
10271,4092.142462757652
10272,6614.448587937609
10273,6177.865552918473
10274,1126.7689619946032
10275,6669.168479392858
10276,498.4578945347785
10277,1734.9246174889195
10278,4522.839054062402
10279,1130.6993218746243
10280,9750.273253958596
10281,12179.834194302975
10282,841.1533513665559
10283,2413.203454402301
10284,1816.701963641025
10285,574.3630153749915
10286,455.7136086805418
10287,2058.8182514790424
10288,8025.417694926814
10289,7796.756463788519
10290,601.1247780733788
10291,708.3475481790946
10292,673.3046025628968
10293,986.0816791904557
10294,1053.6372263202275
10295,8457.751100330917
10296,18000.0
10297,6044.638056779245
10298,625.8974938891511
10299,5163.661220133223
10300,2907.0648369584833
10301,9062.861557566794
10302,936.7902093303919
10303,414.83616026576976
10304,1924.618642257238
10305,804.8213097190726
10306,8045.570846513973
10307,5213.392376733775
10308,1736.5611749625489
10309,4722.819819057231
10310,583.2041020903841
10311,4317.287627703346
10312,835.3522132055289
10313,5505.260668196724
10314,17310.008203792593
10315,11717.00981879066
10316,816.2284245819519
10317,1923.9798801131724
10318,12075.469664608718
10319,16721.93961613091
10320,1647.1945342881334
10321,5698.421229926259
10322,556.481088259597
10323,999.4563014407855
10324,893.7091158183251
10325,3431.900313701806
10326,3136.833250777216
10327,7365.610508322536
10328,3446.2753503670638
10329,6450.27868927735
10330,12276.20284855434
10331,818.5038557933184
10332,868.5206030863634
10333,1559.068980892534
10334,6095.144252442534
10335,1054.333689414367
10336,7735.586675850827
10337,3238.782074952432
10338,4242.090737817122
10339,10651.130760004042
10340,4681.300352646744
10341,17612.92223350694
10342,1639.631271682077
10343,690.4066939946402
10344,5048.481758911549
10345,1982.3618862283188
10346,1187.1393322460422
10347,986.894249080382
10348,9662.972297462753
10349,5149.217490053316
10350,941.3725995950784
10351,1599.9436491845936
10352,1005.1197932436394
10353,1027.2762634792487
10354,3691.6488837428683
10355,1723.8568399034198
10356,3013.0918814330666
10357,6340.740095596926
10358,420.9637027557094
10359,5040.218625691152
10360,4567.334200674569
10361,1759.5894869685546
10362,7913.22176004272
10363,629.1551131743496
10364,16062.324842163232
10365,6093.181347044437
10366,2076.8815018208225
10367,8982.14141452015
10368,7648.452695104544
10369,5022.008281182128
10370,4607.558764929152
10371,2869.999160729169
10372,717.1854808656394
10373,3947.6476619443224
10374,933.8837247341739
10375,3570.9682497535678
10376,5650.127556260674
10377,580.4115411359847
10378,1061.0697653999168
10379,782.2239735137819
10380,539.8702691465277
10381,1011.4875894901933
10382,2177.175299227794
10383,952.6442857888329
10384,7075.548564600517
10385,2474.1881999598477
10386,15209.280343343733
10387,10973.47673535531
10388,657.9748397464459
10389,4395.413026656605
10390,916.60131533631
10391,1267.2893845352555
10392,8477.329625889235
10393,746.8457063188878
10394,1001.2485912374042
10395,791.8426702363771
10396,2675.5200670617614
10397,568.2072575551002
10398,2125.532146659736
10399,1114.0449917483209
10400,835.8766104593277
10401,2082.1703874872396
10402,5145.613496962299
10403,957.0113466510992
10404,2223.00904455804
10405,5976.0809282795335
10406,554.4870214920193
10407,3261.11697941624
10408,9571.144227057861
10409,3853.9489648791723
10410,9932.50985210307
10411,487.8454410564008
10412,2415.2894505254494
10413,758.325599598899
10414,3945.126649108276
10415,4028.473031444194
10416,3332.9368821802504
10417,5998.87085873956
10418,929.8226249663112
10419,3143.9202529366476
10420,7496.888005370686
10421,2407.0903579646806
10422,2607.200360045757
10423,5134.845313890261
10424,4269.561389187705
10425,921.6701057084699
10426,495.78409537075845
10427,771.7688754687947
10428,763.8961207670122
10429,10919.73691546792
10430,3323.4582848289215
10431,2474.281260192932
10432,758.5191351728788
10433,420.3568375053848
10434,1920.5217906193604
10435,2816.0637854910215
10436,709.6741449387257
10437,642.9437363365665
10438,1951.8068999104694
10439,3690.843505956238
10440,17488.439879907393
10441,706.9318622670392
10442,7650.419861782085
10443,535.1240054063481
10444,2390.3034701134775
10445,530.1958066698213
10446,1055.0448494100508
10447,14631.388079462507
10448,6372.769815548573
10449,9283.355414713717
10450,2819.6772951011044
10451,841.3843461882074
10452,998.2739322759048
10453,2215.3012940146423
10454,13791.994169419773
10455,641.3340938912448
10456,1858.7811335620172
10457,6329.238070825219
10458,641.6127066591265
10459,3202.8746898828276
10460,4842.423375367395
10461,890.3984850275947
10462,6096.804784998085
10463,2287.451422342293
10464,7046.973578165623
10465,2939.127439318692
10466,4151.136461215385
10467,5287.609054901227
10468,763.6579304315496
10469,429.6455163621904
10470,994.5664632581743
10471,8020.605747878591
10472,1037.0602862985156
10473,617.8066715283074
10474,2999.5609186590627
10475,6399.2164024023805
10476,6657.973433834738
10477,3109.9851276309437
10478,1986.1013885665623
10479,897.3964524329376
10480,5363.4950813606965
10481,1639.5157482176799
10482,1712.7130017495222
10483,3163.578518484777
10484,4847.611346364862
10485,368.11600171145614
10486,4420.695444245932
10487,3294.5495580430893
10488,1185.6341443662534
10489,13590.684592405096
10490,1710.1465714610347
10491,568.4999044217826
10492,1179.5577814736941
10493,3856.7227010334896
10494,10141.80755031942
10495,14192.579524697425
10496,4511.59947827957
10497,1742.9420840408916
10498,1033.8556344321607
10499,4638.935749467753
10500,2939.885951116635
10501,5302.254204079455
10502,3786.666380873149
10503,11338.132174529066
10504,13746.644434293688
10505,4521.669800959705
10506,3234.104805549422
10507,12737.803403167845
10508,5056.630848590542
10509,5043.945509545379
10510,422.50920549589483
10511,2393.501238552605
10512,3928.5299609081103
10513,1701.7545599140965
10514,3378.1935137140226
10515,3194.1504549400756
10516,4897.213169573359
10517,1190.737784398006
10518,2751.3756427841236
10519,535.432981395568
10520,4658.3443839065785
10521,4081.3823211221043
10522,3400.570104979077
10523,16360.161788104155
10524,768.1753009179187
10525,5205.964036631769
10526,600.800644245586
10527,706.5970556206369
10528,1161.4602177472843
10529,1434.134538433727
10530,6124.853067278481
10531,866.2668210421093
10532,11570.055173320006
10533,3841.047085636448
10534,1848.369318435406
10535,4787.114429716571
10536,355.6915630491998
10537,474.52612637695336
10538,8798.247545207048
10539,2144.2549651533386
10540,6818.27438064124
10541,618.890898902778
10542,1382.541532150458
10543,2358.099490783893
10544,1391.2480991618622
10545,1096.3788685156017
10546,3665.0221565863085
10547,923.3878935631539
10548,578.5878933763597
10549,5029.096185877143
10550,549.5702303792043
10551,1298.0821040661745
10552,781.7689544282092
10553,2813.0904002087264
10554,2185.1272792690497
10555,1602.2472249588097
10556,6106.915512633579
10557,3540.3287846220337
10558,6001.4860316728955
10559,860.534897598024
10560,1704.050398388096
10561,7780.12615255098
10562,387.33461533854046
10563,2550.4896411936993
10564,1045.576778596686
10565,2356.689723071305
10566,462.9917845948146
10567,826.6479260681988
10568,1079.4645762379682
10569,1361.513242304912
10570,2515.7490385489045
10571,4716.808817706158
10572,1793.8866237042778
10573,13917.717916552641
10574,697.5781095746797
10575,1551.8635245075013
10576,4035.3661002557765
10577,567.8037074486047
10578,1015.0984380201285
10579,2126.22343851891
10580,699.0377235136499
10581,1898.2201449928461
10582,9185.02333755083
10583,11149.927065697138
10584,2014.5251166485712
10585,5848.475596949072
10586,17329.133054161623
10587,587.1726945254401
10588,4148.43510716475
10589,6153.269964227007
10590,10410.676825930523
10591,590.3518931661965
10592,1767.7979617640249
10593,5009.636919917775
10594,5495.6778457531655
10595,2603.739047598703
10596,4399.3315073565545
10597,2229.7470035114166
10598,470.3674766587563
10599,3916.3345802819176
10600,791.2689791979775
10601,706.6678723685782
10602,1686.3635635680937
10603,3812.4588462913043
10604,11711.94463955368
10605,1136.378900449495
10606,1703.107075714876
10607,3863.5949651867213
10608,3770.618280798549
10609,4111.569047012342
10610,8227.275495106709
10611,610.2473932786866
10612,599.5738563985178
10613,517.7762009881428
10614,2369.4308746904217
10615,872.4459092098566
10616,4901.556526184577
10617,2744.3284462342235
10618,788.3381175608425
10619,2304.9015293574375
10620,5141.019494438064
10621,5372.761254424411
10622,3107.8270762853776
10623,4326.515521969319
10624,4727.874885989103
10625,870.9457981688635
10626,589.665953995984
10627,544.1010629234538
10628,4840.670245700439
10629,2705.077664381741
10630,611.462027938623
10631,1368.7838932851832
10632,3232.923120037019
10633,10747.44135048574
10634,1414.5523201637277
10635,715.7255061448204
10636,1694.6119749831885
10637,2695.4629852525354
10638,1076.5791894850786
10639,4564.7272796339375
10640,2357.903425494227
10641,513.7828032917071
10642,3308.8869701612834
10643,1423.3183632522168
10644,2530.1961755012608
10645,8981.768013582065
10646,791.5959275885498
10647,3681.7797320667364
10648,3962.3319107602797
10649,941.1460904184678
10650,4027.2150302699306
10651,763.6538233910402
10652,4434.467056125078
10653,1225.1397394658097
10654,16670.101441854473
10655,2302.048883212415
10656,17478.079720626763
10657,3867.145872160026
10658,4266.486398232008
10659,697.4598797112615
10660,2521.2680441007806
10661,5400.256575218793
10662,4051.669095334115
10663,8687.253861089395
10664,2704.2481262444867
10665,530.6306888962253
10666,3846.854203213004
10667,16807.838392417183
10668,1503.6783898806887
10669,630.7649419654218
10670,622.4233615093646
10671,5598.728713199339
10672,1651.8163403649926
10673,834.7069468179203
10674,894.5958893024908
10675,4564.821205908286
10676,650.867659979192
10677,736.7771835466805
10678,871.4322278006521
10679,9512.558572221515
10680,5562.267660802584
10681,2737.8487570459083
10682,1766.5941720620485
10683,1647.3516440690491
10684,6412.744936181599
10685,9353.721457572196
10686,1984.2435399576323
10687,629.8090183166119
10688,917.2081524603566
10689,705.8765750140047
10690,6581.489612409552
10691,7765.116852348236
10692,454.30144968030413
10693,739.326604722896
10694,497.9961615755612
10695,592.3526360530165
10696,671.5054865047005
10697,10408.006669563323
10698,4016.8074887462903
10699,1356.3507771859845
10700,5727.679951744665
10701,7398.194359612673
10702,520.3393290031114
10703,1854.8510876617677
10704,1588.6095396700468
10705,913.1701230759504
10706,1590.9619192486468
10707,753.7631832004827
10708,411.7237539715713
10709,4731.370116487594
10710,1683.0931418248865
10711,2114.576867933423
10712,11053.645583889096
10713,789.798145493329
10714,1037.2563950556323
10715,15901.487564635507
10716,1190.8314148263557
10717,641.165825745815
10718,1022.1976740469188
10719,1161.3566416095198
10720,2353.5062909373382
10721,925.0709793763593
10722,2373.712472979122
10723,920.1416052123284
10724,4883.256678102104
10725,1712.4955218585426
10726,1330.5162626495044
10727,2333.228063454589
10728,708.5486414821021
10729,5625.823399343147
10730,814.3385991833768
10731,1121.5945894054992
10732,3620.6154057419803
10733,3575.5227294913857
10734,1049.0914932596897
10735,4791.373304953421
10736,910.8825093297615
10737,596.6165531307468
10738,904.8531656993779
10739,15179.542577331762
10740,888.6409233011811
10741,1811.0900369976466
10742,915.116432773521
10743,3309.5600334810993
10744,5042.896191069986
10745,8654.57671509574
10746,1218.6102308355646
10747,6582.137019109119
10748,3633.196327483479
10749,2135.438285947955
10750,2060.114011503634
10751,632.8436323970259
10752,1125.6292318246265
10753,1372.1705919728752
10754,2350.673909915674
10755,1083.7916095099088
10756,572.6933519700632
10757,1117.428776769941
10758,6502.21412358895
10759,837.025270896196
10760,1550.0569832091028
10761,2001.9950743072627
10762,3965.1985379647576
10763,6624.66961276994
10764,613.3856346794233
10765,766.2693680564231
10766,12593.706450271107
10767,5453.44196763666
10768,16703.43958610506
10769,513.2678209678038
10770,11814.705467577976
10771,1686.4000479151343
10772,2470.060674061572
10773,6611.48640015764
10774,979.8711138960049
10775,4496.081290382366
10776,2266.7084651553446
10777,9091.117539345629
10778,2796.7887105623295
10779,11382.839794387994
10780,9586.050481501172
10781,1604.9393679269317
10782,3595.185252256417
10783,1332.4512682861796
10784,572.643060875996
10785,1461.6841086010866
10786,7548.48729744427
10787,4363.392236661611
10788,6146.473634209304
10789,4521.70969063219
10790,876.0195730368769
10791,4081.4459917747827
10792,4772.367509626173
10793,8337.525319235338
10794,4513.090788276071
10795,7845.61229554785
10796,1109.757668013872
10797,8143.895797122998
10798,7558.681866008746
10799,1017.184503924796
10800,3991.814577180798
10801,4278.3547970617765
10802,883.3017628925112
10803,5113.039489298039
10804,633.0687071746663
10805,3959.0585683868735
10806,524.3667127445455
10807,591.9872624607259
10808,711.6120464189449
10809,670.0418271742169
10810,4127.325056031732
10811,9719.484065905266
10812,11286.304207289815
10813,11166.120337078888
10814,8386.21977604493
10815,2827.305460292246
10816,1707.318046884389
10817,501.21516625108336
10818,10233.368014840536
10819,730.3419757125633
10820,9420.062332463913
10821,4630.538148541873
10822,2700.777763106811
10823,1467.3883296072559
10824,5576.231885348609
10825,6744.501768269007
10826,4568.926978813335
10827,1103.3527336239483
10828,6363.7316587706955
10829,1105.1659433378932
10830,4183.276952887656
10831,6177.723442426136
10832,2238.424750490305
10833,5027.877052957449
10834,4749.62061415779
10835,2167.9384222488325
10836,5278.59550459434
10837,4511.235815687508
10838,3360.7670100811197
10839,956.6263505994783
10840,674.7354692763547
10841,618.2468780448503
10842,820.4345814164609
10843,3554.922688477823
10844,687.526208864445
10845,2572.513554102283
10846,4357.898345291296
10847,1364.669528509092
10848,4779.549751080955
10849,973.8098403061298
10850,2146.419086147583
10851,699.0062560070785
10852,2916.002894110361
10853,15238.13738470316
10854,592.7222733126196
10855,4140.37831386406
10856,14540.068364182767
10857,11784.754488149085
10858,613.8781013301318
10859,967.0927755650948
10860,533.2302481488975
10861,1234.5423802451273
10862,1612.4190736161204
10863,8069.965651368584
10864,756.0481192318599
10865,3139.883679116843
10866,4412.846307090056
10867,710.605016520886
10868,462.84652557992
10869,5423.664768676162
10870,3734.997562742811
10871,5590.31233581584
10872,926.3138945808952
10873,643.6358676586366
10874,4303.631847945448
10875,2345.7032594286857
10876,7813.870676075084
10877,3044.6147634306426
10878,5625.771285622204
10879,6911.784340342428
10880,6344.2071896554735
10881,1328.7707531775077
10882,5424.375275187087
10883,2814.29384359367
10884,890.6617446470002
10885,3993.4713783120837
10886,1010.6259627792507
10887,2279.8707266573515
10888,1371.0009283221482
10889,4165.482258775633
10890,1273.4661909472718
10891,977.3724250168474
10892,1338.2670420787126
10893,4259.647974646114
10894,710.7381450967174
10895,740.268563270265
10896,706.6355224291892
10897,9154.82836402771
10898,3951.799816131981
10899,2177.279210565935
10900,11685.903448244935
10901,2291.5169490877283
10902,2145.351647548479
10903,1714.8543116680748
10904,5166.5763537883195
10905,752.7547815428243
10906,11301.992827821858
10907,1269.6365586049778
10908,3008.418036626714
10909,387.14345571969915
10910,613.3856346794233
10911,2475.1514128439253
10912,5692.990866200719
10913,842.6412263478853
10914,3269.4838501273152
10915,753.661626666477
10916,3741.9502876878123
10917,932.2271268681918
10918,706.6355224291892
10919,2681.555343496095
10920,17701.0219784608
10921,3549.709246564686
10922,3260.6274456145275
10923,851.850535793809
10924,880.3479051665292
10925,979.3217748478228
10926,798.5264274977146
10927,2787.6011916666557
10928,7032.761436535453
10929,2687.944134113425
10930,2055.413421249303
10931,884.1791700507465
10932,903.7966548665062
10933,15640.225739198977
10934,995.5980316625157
10935,1449.9342503399448
10936,7356.211623246566
10937,6534.316995581801
10938,425.9194768896014
10939,2349.7473392819666
10940,6944.398845966887
10941,10177.143620052524
10942,579.2155094965423
10943,751.0872537357332
10944,1702.7961569376046
10945,702.824246012769
10946,2307.738279935732
10947,1106.049372522469
10948,6450.482623155583
10949,2237.8552642435507
10950,6107.609928476956
10951,438.94249044772374
10952,2672.148809353217
10953,2669.6539167206215
10954,694.6337655961214
10955,2685.28303274397
10956,3066.501904109259
10957,784.2481480832795
10958,931.3735428193893
10959,9079.01453275257
10960,1688.045400311097
10961,615.4779959524977
10962,6389.013563806642
10963,720.3024052936593
10964,2844.0983674141844
10965,741.1463553089269
10966,13975.452767764818
10967,1082.3263849800728
10968,1819.6093220815258
10969,1268.1184449985046
10970,593.888547121096
10971,2624.9049186888333
10972,4520.8388524130705
10973,3918.8408978735924
10974,4227.698848755308
10975,1711.7793774983652
10976,5686.858338945606
10977,4853.174831183404
10978,662.2788019344703
10979,895.5758685438913
10980,1585.4623845635442
10981,8254.515436635296
10982,2011.1941186158451
10983,7504.27581081122
10984,3236.9550689972343
10985,5986.112880715657
10986,3179.158725086737
10987,15147.474625405608
10988,4874.83702613715
10989,540.0682338882538
10990,5191.6452120285785
10991,910.5421392442263
10992,914.7979043732037
10993,15635.713106928155
10994,1130.385859957313
10995,15909.82549523764
10996,1928.1746158641856
10997,12413.718035979027
10998,1015.7387720609233
10999,1431.0123176136553
11000,5592.383944680494
11001,3426.849148499968
11002,1476.8425808156815
11003,3139.913790916822
11004,5448.159960958678
11005,4788.003426670441
11006,954.405658706758
11007,1544.0807681849667
11008,755.6589478408955
11009,563.211497387569
11010,1196.8464323155936
11011,13302.614108981372
11012,1100.9175740090357
11013,9138.810426024702
11014,11595.280679747433
11015,1493.7871973793829
11016,3042.113753610346
11017,3975.8746704290265
11018,9860.034153881053
11019,2604.6087837835316
11020,2281.5539802761095
11021,4815.444525290208
11022,8493.8931544009
11023,11907.251545681376
11024,495.61402683011727
11025,473.28602227624583
11026,1039.885651159399
11027,880.1498662627481
11028,602.6417558018424
11029,1934.8807860367397
11030,1992.256860048341
11031,1628.9865876267995
11032,2222.045202136359
11033,6658.177639268624
11034,4624.049005334287
11035,5277.575204299276
11036,4187.366602287731
11037,1023.7539935621678
11038,5501.260814663013
11039,17314.886898938235
11040,6257.152850000905
11041,574.3950890133539
11042,459.072631630657
11043,860.1016652778102
11044,5013.797832086362
11045,515.1101609688279
11046,1036.8520384430317
11047,5437.847388854565
11048,5875.426550740611
11049,1851.550363702572
11050,421.090805162524
11051,10372.786697388667
11052,13033.891933437104
11053,5224.52490675642
11054,765.9356859528614
11055,1404.4719679332165
11056,1958.0494390386546
11057,13356.801704972631
11058,3288.9915113738534
11059,5395.1186638833315
11060,1818.8739632471402
11061,721.1818143950503
11062,1690.4166840605915
11063,3145.8365758778477
11064,762.6947919354511
11065,727.8927073343925
11066,6627.744819812384
11067,706.6355224291892
11068,5660.658019910251
11069,1039.5479179614724
11070,841.3312180818207
11071,601.5498441793832
11072,7766.0529625503395
11073,5083.005121937207
11074,2536.435064973403
11075,1821.6208769017703
11076,1379.183831452241
11077,7430.878800954496
11078,782.5308537580233
11079,3883.6603062034133
11080,3258.4505042539195
11081,3313.838698117074
11082,982.1784447018686
11083,12064.159425168664
11084,4633.502089418518
11085,4211.865094077065
11086,1691.469409488194
11087,405.74824403325
11088,1464.9489522269862
11089,2962.7949374947807
11090,2321.2474970778267
11091,905.6478706019423
11092,14031.951678168949
11093,2689.673628713375
11094,4811.919774282646
11095,2946.8881395807593
11096,1261.5570719578707
11097,669.676112146059
11098,2036.911193342002
11099,947.2631687626429
11100,7497.633818756705
11101,9593.307211572534
11102,2768.046102084773
11103,778.8068513162851
11104,661.3072101125886
11105,4147.015930789203
11106,1006.8118759054967
11107,4432.073887073996
11108,1848.0937243965254
11109,1112.1494668948656
11110,2812.1661829532673
11111,5626.879794034091
11112,721.8073151190455
11113,1085.3391859031758
11114,1915.4456402467295
11115,2280.9898523485963
11116,4320.908793933457
11117,564.0526236470929
11118,647.5655054641582
11119,741.3017774753279
11120,503.37757481101704
11121,1069.449819909879
11122,11540.076113054482
11123,5113.650431027876
11124,12617.929349271852
11125,3224.3428002159776
11126,1093.1613001229812
11127,426.37471879897237
11128,1907.6394897398918
11129,511.40891309045935
11130,1469.757969852424
11131,895.7038999227233
11132,4622.156771986232
11133,14427.994116405363
11134,2032.1879712748926
11135,5560.354103158987
11136,3041.5529052603697
11137,6481.785748771137
11138,14289.392768787204
11139,843.1728307689565
11140,1887.3236435491817
11141,4280.0560602307705
11142,3398.7677041830852
11143,2772.9868587617957
11144,7508.329742236481
11145,742.6766298147702
11146,568.340601163025
11147,9696.985228400345
11148,696.6810209856942
11149,2197.2809659937993
11150,3988.309670742509
11151,2370.52521190868
11152,16155.74585783602
11153,1002.0513693755782
11154,7813.131017144221
11155,2091.06154736065
11156,7269.172036816432
11157,877.3144998943552
11158,632.2493743453998
11159,4821.263207533374
11160,739.5170872469863
11161,1071.5314753415853
11162,419.5319000959652
11163,774.2109665369591
11164,552.2652316027737
11165,3013.6904267774935
11166,934.8945464078199
11167,3144.3256763932923
11168,11914.372993598046
11169,747.7144457730395
11170,478.01205589806
11171,458.78880071969775
11172,2137.6150339855553
11173,4950.182290256208
11174,1315.9533709486054
11175,2812.2888333355286
11176,1300.1617966978606
11177,14121.63268899911
11178,6451.719301008938
11179,530.1105573097714
11180,1163.5067410175764
11181,1233.0845724443611
11182,5123.125620145582
11183,711.7560155370041
11184,5115.1297968376475
11185,11026.553142392988
11186,4560.7386699975905
11187,10437.60693049188
11188,585.6943108185529
11189,375.77926243432984
11190,1148.9625509083246
11191,5923.8603515625
11192,10984.41643907443
11193,4096.246408944044
11194,664.9972450694999
11195,2493.637685911626
11196,908.4285331897926
11197,1752.0961290069067
11198,1879.4166980988825
11199,2194.906892321246
11200,703.3057625502586
11201,715.3118446040262
11202,2220.6781652379227
11203,1749.336635264507
11204,6000.364983845088
11205,12303.483251760277
11206,1127.6569794918435
11207,2223.6498206543847
11208,2385.7856619250506
11209,8331.464355894079
11210,1731.7467000203599
11211,2424.9370904816246
11212,8904.376400908022
11213,581.6800375500021
11214,2478.33299836313
11215,1700.7545181341447
11216,569.42057877842
11217,4767.8632614862345
11218,1670.665455662369
11219,643.5151748968481
11220,1904.5516623687474
11221,2151.3943011894794
11222,500.05567064160766
11223,4797.609315516061
11224,7111.204470761596
11225,13110.243984395634
11226,5104.296322012541
11227,10699.887095079526
11228,9558.74294345175
11229,989.3238253791123
11230,2662.0237096877545
11231,945.043184988725
11232,2563.9835375923835
11233,1600.9299081845447
11234,3495.0765220246094
11235,1025.3068179062275
11236,2054.4730317691424
11237,5108.500461865416
11238,7251.200729422402
11239,2758.9819601267336
11240,6209.411453911316
11241,4019.331704436551
11242,2692.3223337295367
11243,716.3684129719953
11244,656.6757083916192
11245,7405.635270947676
11246,5657.771581947684
11247,2292.2287917509893
11248,2745.827639203303
11249,771.9982006161952
11250,2097.482500150379
11251,9877.165303716298
11252,4341.496702373224
11253,856.0706654918707
11254,582.3227876799226
11255,4264.6891448617025
11256,2260.2980164369696
11257,1790.9793148644576
11258,622.4279057871437
11259,1382.5202336051827
11260,1740.3920913531013
11261,7637.756053384658
11262,642.9829237217788
11263,706.9426690942
11264,4358.399642743773
11265,10205.006824255841
11266,9565.324568720265
11267,14193.027800144553
11268,570.922853934157
11269,3710.0468105645996
11270,13288.941983350573
11271,630.7000286573158
11272,2186.4814798329253
11273,16986.369187261258
11274,5314.865780855851
11275,1014.2513128453303
11276,6820.447408463747
11277,984.9997635106066
11278,5188.186915197256
11279,1629.1365780602307
11280,4407.63456658175
11281,15198.840308979183
11282,921.8652372696299
11283,918.6959257143147
11284,1046.361457214944
11285,535.7333694926388
11286,5887.8936889334755
11287,5867.056079364432
11288,2583.7530828723043
11289,10124.380716224958
11290,1873.3062865380775
11291,2044.8602852222787
11292,1958.2558757380057
11293,1069.0396078134129
11294,900.3011786105274
11295,6585.4604679525855
11296,913.964414771008
11297,11722.099081279579
11298,1862.8277668336225
11299,4469.480297375489
11300,635.8125509150516
11301,3649.9506045997705
11302,735.6678054519979
11303,1676.3465613796272
11304,15315.523443463833
11305,1018.1788277037859
11306,4001.654883154479
11307,451.1102531764652
11308,16426.522665860295
11309,501.65811380875726
11310,1158.4196363574918
11311,1148.0344240329703
11312,2823.1580182309312
11313,1833.884391177039
11314,1116.3214975185786
11315,4075.133353006973
11316,1237.4411087951844
11317,2318.061874760863
11318,3606.288551943228
11319,11227.32948137479
11320,3596.6655204917374
11321,1511.0905182288195
11322,1753.6948831928605
11323,3344.0600157416548
11324,5570.26455345115
11325,723.1216229593454
11326,8771.02628058436
11327,8456.999508566114
11328,652.6744327245121
11329,902.3145452830264
11330,906.7945532847344
11331,3061.8682328766145
11332,5024.958843650958
11333,1210.9672523179986
11334,716.7374922773538
11335,7540.266526358146
11336,744.7342173651723
11337,1209.4470136027278
11338,2642.2600762114057
11339,5238.227267029811
11340,802.7507824208452
11341,1017.9089573700973
11342,17060.095421415073
11343,4846.890995522901
11344,1113.3034898424637
11345,7398.663987847775
11346,2789.6132122348363
11347,5327.723856920364
11348,5427.201804044701
11349,840.2506520190464
11350,2394.025472437109
11351,7903.593889233538
11352,6652.697946662674
11353,445.87611624780345
11354,4310.881941211029
11355,1030.924943821866
11356,1024.8884240380353
11357,1341.1842062644855
11358,3535.2154506706947
11359,7460.592655293747
11360,1211.8267447105782
11361,2268.9706273870875
11362,1530.0978829451255
11363,892.3705512322566
11364,985.4624124514547
11365,1767.3760465553216
11366,1642.763534069136
11367,1968.9615860411973
11368,7721.068241724168
11369,4242.813911587543
11370,1839.070191442447
11371,2535.1510395385158
11372,744.1414576377529
11373,3164.6382750763264
11374,1028.3057934785813
11375,7707.269653288577
11376,1800.8058966392118
11377,1623.3214631269766
11378,811.8366631453191
11379,5714.78879641715
11380,749.1064330825609
11381,899.3563669598956
11382,690.3928208229249
11383,4315.097129075572
11384,4289.657405697145
11385,866.169199821479
11386,500.6282154892177
11387,6421.955683895085
11388,547.8558676415751
11389,1738.0043250615224
11390,921.7453136441012
11391,14800.43553941241
11392,6626.909738011083
11393,14986.902042169751
11394,923.5537465146546
11395,958.139291055694
11396,5502.055783298794
11397,4543.802940394122
11398,1225.0679520562667
11399,3395.4313328591693
11400,2991.7210630769796
11401,4206.276936661283
11402,2977.276938038992
11403,1230.56386107531
11404,517.6873378209731
11405,4039.11485769116
11406,1801.970471623574
11407,1007.6746399599007
11408,545.5547020749295
11409,782.6999437088107
11410,501.68860411902244
11411,571.3339567447516
11412,1162.763829106073
11413,674.5134426668443
11414,10670.90479371981
11415,1204.2018633519763
11416,816.6810421597406
11417,977.1742699497572
11418,924.8046316642633
11419,4659.920199557108
11420,4408.633368677698
11421,413.19855008797254
11422,1644.0537220590736
11423,445.76393956777423
11424,2472.475586739315
11425,849.3620063145174
11426,3774.2202189372047
11427,773.6672457536138
11428,631.4221352204112
11429,509.03810202374905
11430,5201.16207066811
11431,5577.2879260225845
11432,8640.719681020691
11433,8102.559787642651
11434,815.8704978897072
11435,4639.577794672372
11436,4560.02333825266
11437,4906.274796408573
11438,808.8242187595372
11439,1053.8554259062503
11440,4678.631763452469
11441,6055.174059897177
11442,471.29433755887885
11443,988.4386115820171
11444,873.3478427795623
11445,507.53001377714855
11446,849.5370225487213
11447,2950.2901856234344
11448,4470.764921136572
11449,526.9272989583233
11450,892.181586225214
11451,3940.619855731222
11452,649.1729040251086
11453,6724.853927418612
11454,13205.563746993917
11455,3587.582405648252
11456,914.3019709843342
11457,3681.355444476717
11458,1758.9338817721098
11459,16304.337186917064
11460,858.2960198461342
11461,2803.1852431394454
11462,3709.9244969707256
11463,5772.011482362041
11464,624.5350396860392
11465,4044.1924638397613
11466,4314.506997055129
11467,609.6228662012421
11468,6100.093774107337
11469,787.2222747038106
11470,506.859375
11471,6486.878101607271
11472,8869.732487928462
11473,762.8007056166608
11474,1279.085537646478
11475,3913.797203587071
11476,558.1530284059669
11477,544.2060028586103
11478,724.7988438246227
11479,8417.054754109135
11480,1349.6627844878897
11481,5227.364783982968
11482,12912.033117380268
11483,5555.077066145871
11484,12193.677347416562
11485,7285.056941646206
11486,432.22380505917255
11487,505.6296915053178
11488,3291.5469135419353
11489,3735.3217738067433
11490,933.8856429351292
11491,2006.217122842074
11492,2185.174452012056
11493,2082.2291128526326
11494,1243.4579965824016
11495,1019.314537395123
11496,1272.614006596881
11497,3591.3288500146546
11498,635.7759018788842
11499,1381.3991213303366
11500,358.359474973548
11501,2400.409026507074
11502,11478.34154949695
11503,5592.589223974348
11504,5036.598154174012
11505,2459.9139607399925
11506,982.7490734756201
11507,6890.915042567151
11508,2756.920682543543
11509,3312.596871310361
11510,11124.630659820501
11511,10840.407827968264
11512,630.7649419654218
11513,865.572384558124
11514,15758.142413308295
11515,1706.5823586397014
11516,1213.0942585047294
11517,4889.237326038245
11518,581.2881404677886
11519,1125.0894670730297
11520,1645.5344184217863
11521,10039.704618607997
11522,13425.455078125
11523,3241.28795735918
11524,641.2621492304032
11525,3398.731985397522
11526,1838.2266278525535
11527,5401.71245071272
11528,6001.670207949005
11529,3813.698425466374
11530,1443.4667680088348
11531,4641.047569055121
11532,743.0758445931916
11533,3270.987981840464
11534,3273.2048355123206
11535,4256.84045934934
11536,2025.5912764450816
11537,3325.9151496426307
11538,4851.460455403668
11539,1051.5226556181135
11540,3069.7563519989085
11541,2182.276992951321
11542,862.4371572966709
11543,889.1637362871958
11544,2319.9088806469504
11545,3343.8878962037493
11546,2730.501811436913
11547,656.9029082493249
11548,2954.1517201786573
11549,1473.6354136601594
11550,4815.191401015863
11551,8180.717573946576
11552,2657.0243531197557
11553,4893.675675858619
11554,8436.538631126761
11555,1068.6530174367929
11556,516.0212549783441
11557,11857.202707717583
11558,2108.8942205705584
11559,716.3684129719953
11560,852.0449932303802
11561,6070.412406676801
11562,6835.757645480162
11563,1460.2955565280745
11564,698.7988886583371
11565,2680.0282527142294
11566,642.5083253974499
11567,5834.362945173441
11568,9736.748574012157
11569,4389.91630722492
11570,5006.334897015194
11571,1556.823080758243
11572,2318.149138924512
11573,713.9665498904301
11574,679.6051153846174
11575,829.1582107328812
11576,2396.786299089102
11577,2428.4536193296617
11578,975.8821860752905
11579,631.3728520114885
11580,13019.84077864633
11581,3334.7426552189545
11582,922.1790576793168
11583,2280.5016789163883
11584,790.8997960655388
11585,772.0385326493447
11586,4685.048780201649
11587,4581.258568857398
11588,5048.202773729961
11589,948.3583573833855
11590,890.2690318787861
11591,9300.29917533181
11592,1357.7853938039057
11593,1025.0623999447773
11594,726.42807860978
11595,1950.7332915031668
11596,1438.7836534667574
11597,987.4700422968003
11598,4273.759648563349
11599,1469.3130262606978
11600,1594.7791752436437
11601,2364.4626120901216
11602,4577.7350331751895
11603,6446.86014144134
11604,487.77018308379184
11605,4049.85829477446
11606,4394.158870951598
11607,436.9088598813586
11608,568.340601163025
11609,2750.2288697387994
11610,2853.7208769406247
11611,3210.138680424888
11612,1199.891461676084
11613,11207.690537706532
11614,1171.1133023212979
11615,643.4908435754088
11616,4047.8018891580314
11617,409.3803925497536
11618,881.492748035932
11619,876.6245035204272
11620,762.8481089368379
11621,706.6678723685782
11622,452.1105605317992
11623,8276.47368682225
11624,690.7434317039196
11625,9228.723503990885
11626,3530.2340126004747
11627,1265.6414151685824
11628,603.0363632348557
11629,953.5050118428054
11630,588.9604710691417
11631,1340.6089089788265
11632,1533.7706792747979
11633,2519.8673972750466
11634,1671.353443879183
11635,4523.367673379276
11636,2311.959025628073
11637,15612.008983837937
11638,694.2252016960696
11639,5789.539874607568
11640,3959.9532989872946
11641,1769.6824996638122
11642,13693.843633217655
11643,1802.202998276846
11644,4201.958980358286
11645,1478.6251912035925
11646,7875.423880847491
11647,4015.9152335034883
11648,633.3104632532768
11649,663.545890819475
11650,4243.85331315279
11651,2030.1410548765837
11652,2816.613603912679
11653,1699.1167980411267
11654,5044.445290076969
11655,2752.15260670137
11656,15603.318271714463
11657,867.5705856924892
11658,711.2813079263443
11659,11827.577307374448
11660,4769.991270477096
11661,893.3292692530678
11662,14499.563983195949
11663,2511.1234235342886
11664,1782.9027515642256
11665,643.2157987839577
11666,1475.2115920197105
11667,922.6668965591423
11668,2356.7984628341524
11669,4014.1200705793913
11670,2528.782465334589
11671,666.4188769128453
11672,4318.909272426091
11673,5663.836391565534
11674,881.492748035932
11675,896.6831072940039
11676,1051.317118277487
11677,8570.349324747302
11678,1950.866956830419
11679,2575.3350858138724
11680,5713.332142746571
11681,3563.127339787263
11682,887.6413167151452
11683,890.1890466972909
11684,1837.5120255542051
11685,518.3976477683053
11686,565.7025648799209
11687,8974.466715997802
11688,13711.33309514327
11689,8581.19401194569
11690,924.0150762077707
11691,711.1514441994362
11692,8793.474266970336
11693,6031.114897401257
11694,1163.0241187325867
11695,5250.628988973566
11696,3309.66906106893
11697,928.5563746775937
11698,1363.8429972356914
11699,14095.756808402713
11700,4998.45768980148
11701,4732.107342749484
11702,560.678682902929
11703,3149.414982984186
11704,3182.027495224791
11705,12990.010039987179
11706,826.6904408968762
11707,6423.13388189638
11708,5275.712643490966
11709,1727.585692823737
11710,3160.0484187842467
11711,560.8011266354118
11712,813.6885777826953
11713,663.9529722265911
11714,2249.9855016034808
11715,560.1597686772069
11716,1715.0950174396116
11717,1270.9000552538696
11718,1846.7143724668442
11719,1583.4696821230536
11720,4377.057152290957
11721,749.9782378430604
11722,723.4484240843484
11723,6719.5426269915315
11724,956.4464830258656
11725,3018.7430036161345
11726,3400.0420251904316
11727,1661.9267619417199
11728,13703.110308921001
11729,6439.037290218051
11730,2035.8874486248164
11731,12709.926077412312
11732,1229.958770250067
11733,667.6679558840435
11734,523.3138822642269
11735,696.9490915946644
11736,5048.575177196279
11737,673.7019139170501
11738,4142.775312933481
11739,1214.4681484332023
11740,965.0045171085446
11741,4355.573740539142
11742,5882.397694593613
11743,808.065240121979
11744,451.47187488082506
11745,849.9180206781145
11746,8773.729589957504
11747,978.7370268528447
11748,930.301007432606
11749,2719.022150368482
11750,11393.91818675035
11751,5032.672182775976
11752,1229.9873977092966
11753,911.9638029590957
11754,878.465280701286
11755,13757.443274404453
11756,9955.7029151556
11757,1001.7243835201632
11758,673.6221739829566
11759,4736.632967952169
11760,5273.558858624869
11761,1567.3900830973414
11762,1537.0127696135269
11763,11756.236308036283
11764,1599.9436491845936
11765,2105.8684649489087
11766,3623.502919624705
11767,16151.014965978766
11768,1838.1297402668433
11769,4515.833407064155
11770,5888.366863244655
11771,552.735224661433
11772,2868.1282885352016
11773,687.8077662502363
11774,6629.551809788601
11775,656.7107895606649
11776,4294.66198610165
11777,2473.3739956273116
11778,609.625352067196
11779,6807.256547846129
11780,11473.661261137695
11781,1585.4352835445018
11782,654.4077596140351
11783,4303.100645133542
11784,577.5452955931665
11785,8298.285557696378
11786,2743.115261164615
11787,16574.619943041358
11788,3743.727184899191
11789,10798.649939742587
11790,1712.1778417240328
11791,7523.313324057197
11792,564.9038656143816
11793,621.1024125322721
11794,6379.032502578902
11795,17692.7734369223
11796,3371.9964892464855
11797,2966.1801214780376
11798,827.9457056721111
11799,5899.132786334262
11800,2881.2148834414256
11801,6341.688011175022
11802,14897.045683754985
11803,600.3315496553114
11804,3290.382093055473
11805,905.9115364305395
11806,768.1750723742382
11807,4284.332343919177
11808,598.4001571782547
11809,1030.8431078008146
11810,5759.413325411455
11811,7817.452395647592
11812,9073.216928541153
11813,2513.2039278419766
11814,2581.8839976734744
11815,860.1967870936176
11816,3332.270543264751
11817,791.1628143355712
11818,825.9781741726272
11819,11256.26675669489
11820,8115.678097476741
11821,668.3971100924233
11822,1550.2022810748676
11823,1047.0086285755729
11824,8552.787589680305
11825,6935.441426181684
11826,747.8316069301692
11827,961.2722256488985
11828,2640.3547895227316
11829,4882.3179016929425
11830,2694.2263870453
11831,1854.873605317368
11832,5186.2250520910775
11833,5386.821799050318
11834,4072.2670860624094
11835,2244.445496500383
11836,679.3071129405131
11837,8419.138167179766
11838,3592.5510437253097
11839,826.4307596226315
11840,2399.4222134726465
11841,3747.176958537824
11842,940.7595363797316
11843,6491.232470205773
11844,4174.301083771924
11845,1793.6660670103702
11846,3022.7994245137684
11847,2890.9767933492985
11848,5842.941899244693
11849,4576.447117785064
11850,5880.263407696871
11851,801.213876662078
11852,970.5244949204873
11853,4684.5077606336245
11854,7294.735643804999
11855,4548.469667200924
11856,680.0037644272988
11857,2239.8154316452865
11858,7565.9274049152145
11859,1125.1802258698083
11860,959.5717577935609
11861,2324.4863851545792
11862,711.8786431589034
11863,4511.82208043084
11864,2618.4509798896243
11865,560.1897250297361
11866,878.7024818904367
11867,550.6400888678427
11868,14143.548352897169
11869,10925.660245494711
11870,4885.675985431091
11871,4512.059712788333
11872,615.5246026666454
11873,1039.0526308818535
11874,14257.683311483772
11875,12959.745654363309
11876,3261.502715404642
11877,1339.2060332447688
11878,783.057793302743
11879,2689.090353097148
11880,581.6439825832075
11881,4207.122173394122
11882,7066.98612031206
11883,1430.753964216023
11884,2111.166415330594
11885,2738.4457983186485
11886,4395.9793858135345
11887,672.5017714047824
11888,1007.4005467194861
11889,745.2421937061027
11890,6357.554780019701
11891,1771.6030006389399
11892,706.3114823567048
11893,3485.029035249422
11894,2760.702309362824
11895,5869.1666187250785
11896,856.2363178562287
11897,6904.202853177838
11898,8474.984128606346
11899,4795.25552998292
11900,1923.0779013409701
11901,890.1944034295427
11902,1877.8773668066483
11903,6831.04409109507
11904,4916.796407572835
11905,6120.165588175669
11906,940.8701771758497
11907,3125.6973824885304
11908,469.5378171566741
11909,380.1669469774458
11910,2560.031619849398
11911,3952.2655743352884
11912,560.8059554117536
11913,860.3760444715901
11914,7516.406254843543
11915,2607.919755243541
11916,2538.45253768679
11917,14194.331151773042
11918,4861.825271881789
11919,6659.982600374215
11920,1014.6050483899096
11921,4507.590072215079
11922,6213.388991366547
11923,987.4873384434932
11924,5815.902722051786
11925,4771.754260139799
11926,16054.932144367684
11927,4235.808943918109
11928,1077.3265417926775
11929,7324.741585977566
11930,400.8004474010965
11931,1000.7528157891029
11932,5974.255854448153
11933,4386.388095975913
11934,591.7755640489559
11935,2401.3656326198825
11936,1821.6345115133454
11937,4068.555228456233
11938,842.469092790835
11939,906.3160001334912
11940,679.4294305246467
11941,3347.9450774928087
11942,3660.0673998907537
11943,635.7759018788842
11944,602.101698150474
11945,3122.3111662267497
11946,6683.829790727999
11947,2975.7490048808045
11948,1093.8623438946395
11949,614.0194872217331
11950,8602.569978865124
11951,2254.324343409884
11952,2647.591842047681
11953,4281.382550315936
11954,7223.27357296032
11955,2017.5667919431924
11956,719.2564615883098
11957,6526.851360475316
11958,972.3580540499314
11959,782.5983991643649
11960,451.45879048426707
11961,14463.507331177998
11962,4261.374360709192
11963,3037.718594800756
11964,3027.4326233230763
11965,951.0464404390182
11966,10284.183226958456
11967,755.7136113640446
11968,4466.529256501894
11969,4174.466961065519
11970,2955.549275966877
11971,504.7948123587948
11972,773.713339286057
11973,2544.3805168255703
11974,3209.1957101823696
11975,926.2717365166774
11976,2491.335501478724
11977,8739.085987682698
11978,3908.207858472385
11979,5590.550958753896
11980,5033.786973472786
11981,2751.6973083741373
11982,7468.443123342594
11983,5948.593190174105
11984,2367.249013632868
11985,1463.330286051218
11986,881.0041428871191
11987,1821.842552820674
11988,1114.4359133413639
11989,2541.476046584353
11990,906.3344592949057
11991,987.5444196010529
11992,487.8647359538274
11993,414.69719093701787
11994,7384.722835817827
11995,876.7307371492873
11996,630.7649419654218
11997,10948.142478854697
11998,9964.091087378187
11999,2534.1173838555287
12000,3716.952058835179
12001,2599.584371026152
12002,3903.417877490223
12003,1812.8717671131283
12004,1161.9410746408848
12005,3457.086504614513
12006,764.5622069910252
12007,16047.51543695329
12008,6125.050263197895
12009,655.5988434139056
12010,13098.318145219557
12011,2845.952104357423
12012,3828.930140231525
12013,2377.1943865970334
12014,511.50824477087133
12015,2638.0533038161448
12016,3233.4868897791603
12017,3641.5467069624624
12018,6256.044409598856
12019,510.6051148465832
12020,3106.643680644291
12021,745.6348598946997
12022,3049.450348648545
12023,1823.0383330624918
12024,679.263481049875
12025,813.3704858676475
12026,5132.934897470017
12027,1656.4086641997155
12028,2541.9016593381325
12029,2095.8343602314826
12030,7217.321833975544
12031,5832.041264427738
12032,2126.461747621244
12033,3686.3541855165377
12034,11711.94463955368
12035,4879.777167713316
12036,814.990685425086
12037,791.2749015301706
12038,7889.759409129984
12039,4764.524870317881
12040,1171.1133023212979
12041,7702.772415117515
12042,890.1890466972909
12043,4616.647094815783
12044,10167.634379655445
12045,2190.0287218276435
12046,5692.184539133955
12047,5175.260949541693
12048,586.740200141661
12049,2060.8337832173365
12050,4165.47890914757
12051,5843.088409153858
12052,2040.5141181135982
12053,11265.858344125434
12054,13712.557617397753
12055,868.327402502446
12056,10313.334012447605
12057,16091.037523398474
12058,5011.536779660472
12059,3829.2778318252126
12060,719.2685680447931
12061,4157.5795966767055
12062,3466.3730787063046
12063,2516.0472249771974
12064,4516.649045190702
12065,754.5275628794477
12066,2496.174397944965
12067,4293.676868510449
12068,3664.9093789687167
12069,1701.2033146877598
12070,906.1275302710375
12071,835.5708203780728
12072,3657.234642951068
12073,2463.277282872487
12074,3887.6674413299306
12075,6756.528106618307
12076,1663.9862518427965
12077,2418.366280275678
12078,5646.671087098948
12079,9403.44239080916
12080,1228.2763688359387
12081,1403.0762991863041
12082,4031.0728949229374
12083,6280.734238488462
12084,1353.397673190231
12085,7367.631171784599
12086,3043.058889228708
12087,7608.687463734138
12088,974.8447856252914
12089,5809.205250946541
12090,16333.993266384783
12091,1478.057409756598
12092,4309.083671057475
12093,8597.229461757695
12094,9597.258488651307
12095,7562.397206222509
12096,531.0439508885041
12097,3015.676005630297
12098,718.2338740434813
12099,672.9535419596457
12100,5092.610278243486
12101,908.4300957117359
12102,5132.203794752261
12103,2195.5954064603025
12104,4289.164124685835
12105,17731.619862935633
12106,15994.881945386853
12107,3232.412971977141
12108,3179.8115128924996
12109,636.5174060260777
12110,5728.27914822651
12111,896.8780626008402
12112,534.5387992696317
12113,2928.3895090721635
12114,783.1038227554691
12115,9372.798706452053
12116,3990.178537575311
12117,16218.091994435834
12118,4167.827215366175
12119,4572.226868735501
12120,2980.710581320623
12121,2928.56049156917
12122,1044.1848439234643
12123,645.5289712127767
12124,487.8774854576949
12125,5931.308417425942
12126,2960.953901261354
12127,1305.4389205685252
12128,921.1033845361742
12129,841.4333506395457
12130,1128.9116629984467
12131,894.8995906953246
12132,996.0557121789323
12133,6835.006847993857
12134,11635.79752590571
12135,3686.742298297366
12136,5386.005990795028
12137,4480.159095236377
12138,7774.974354717403
12139,574.1845693035328
12140,470.45787356812605
12141,904.2851064564935
12142,851.850535793809
12143,557.3205808979573
12144,621.6165119474036
12145,16922.048437526886
12146,9914.2876307763
12147,5733.664996899478
12148,16924.91369124389
12149,527.3774784034464
12150,2307.423526887588
12151,822.0309955773067
12152,546.7269087933295
12153,973.8767382837782
12154,950.4075245555858
12155,1782.0396991363423
12156,17741.68936143571
12157,4104.660160592351
12158,16655.34954235155
12159,6327.443356725039
12160,4689.991355169612
12161,5519.646578452291
12162,2317.96125504192
12163,641.9697997392735
12164,6461.428151599325
12165,1928.0860253303829
12166,5158.906469896225
12167,2750.0651634399633
12168,5570.80256008502
12169,16271.925606691237
12170,5365.001109202909
12171,586.2516422417962
12172,2010.2168709644218
12173,2384.5880223645554
12174,1349.1937378625553
12175,718.505514367286
12176,2463.614526240047
12177,1807.7674445126
12178,3723.983078386811
12179,1779.4936302315166
12180,5084.43054441173
12181,1003.6589365742557
12182,1023.6888836580193
12183,8736.955569090727
12184,2101.297882936777
12185,15829.821798163617
12186,5294.9142058617645
12187,763.2901794616324
12188,4710.462450486597
12189,703.6525664519653
12190,9055.787448653686
12191,4633.917855177983
12192,5073.255690152909
12193,2819.8718853380765
12194,1396.3851134618967
12195,3403.4164441839366
12196,5301.534046741443
12197,1769.334105839637
12198,3981.279130006577
12199,589.6029657081085
12200,1797.0424592147715
12201,8941.007804696148
12202,3077.106660044811
12203,995.7742566820431
12204,1130.8201714388638
12205,4588.764220291394
12206,11282.851620062664
12207,833.3891504226367
12208,1947.4680109239414
12209,7744.71164696026
12210,916.6580096603041
12211,693.6346776720617
12212,5019.820785981412
12213,7195.389381976146
12214,501.50506581441823
12215,1886.375019566673
12216,593.192680592508
12217,891.8628095748679
12218,412.2928149146602
12219,1066.3313045585667
12220,2253.430808100131
12221,1940.4991469056827
12222,3174.2938971871336
12223,687.7350104165458
12224,2115.0778274243266
12225,451.45879048426707
12226,4156.878487238184
12227,672.3303084295238
12228,397.3955310488131
12229,854.1739414415338
12230,555.1888182778077
12231,425.99370202189556
12232,920.9180095418396
12233,434.9788719750094
12234,11719.81702745053
12235,2715.324199828397
12236,6404.132573041972
12237,3744.758270583259
12238,7320.695723948204
12239,3902.9466832095954
12240,3445.721159406151
12241,445.3726320689864
12242,5787.444122060522
12243,2237.9981102621277
12244,1774.4452282744649
12245,891.1016566917943
12246,1052.1622666381593
12247,3894.729139786009
12248,715.8813308006381
12249,2245.3240153524825
12250,1226.5565626837013
12251,4322.807139859326
12252,643.3237721707103
12253,8322.08169286496
12254,690.9753160097096
12255,3633.8390377479273
12256,908.4285331897926
12257,4508.639133908492
12258,1803.7548988476249
12259,3394.247619283485
12260,525.9199395395817
12261,7818.758788344475
12262,15511.093006794985
12263,8896.309519653993
12264,728.210439084938
12265,5310.571954574592
12266,6021.056869162947
12267,593.1077447543065
12268,2513.416394604605
12269,531.7506475986506
12270,679.9370977412227
12271,1041.5269391268314
12272,8216.98795153611
12273,9372.302876007798
12274,4234.114198263558
12275,698.1110604549453
12276,12547.324656124762
12277,497.03492760756984
12278,10766.256162508205
12279,1660.251234248142
12280,8869.6804886306
12281,3694.425592639523
12282,1535.1574057289463
12283,5665.334866152968
12284,17827.70404727757
12285,7582.317487312568
12286,502.9977339929835
12287,1661.6524143757172
12288,12022.50643854053
12289,2470.3965497734002
12290,459.55960576574586
12291,2136.562461621726
12292,17467.535871218995
12293,6653.424875184597
12294,2399.782058171637
12295,1026.4780823362626
12296,12118.440504738883
12297,5533.229448889575
12298,16910.01321878165
12299,5882.991690197694
12300,10118.77819714385
12301,530.0541535788713
12302,6637.945820949889
12303,923.1345197752746
12304,768.1240789319068
12305,14248.4970703125
12306,3732.5739967541203
12307,6320.018823138759
12308,4153.080893559398
12309,2273.5231747760768
12310,4219.4122136504675
12311,1932.0640931398516
12312,4207.133129068762
12313,1772.4623783079442
12314,6956.7291976530105
12315,934.6012937161462
12316,679.3071129405131
12317,7468.413260776676
12318,843.1728307689565
12319,928.7300763235645
12320,3317.6251880399277
12321,770.85909389268
12322,6121.825887682217
12323,700.1010313098373
12324,6713.697799267593
12325,919.5718957566006
12326,2531.5313942484368
12327,7210.904857380749
12328,585.5877089225244
12329,2570.6606185280284
12330,545.6599142143853
12331,1815.4931763141744
12332,4308.616413966525
12333,694.1111573993571
12334,16100.678912194495
12335,9438.402849875374
12336,1228.7453418588664
12337,5452.952058192174
12338,879.2625146688501
12339,2252.8300073428204
12340,14932.340406058036
12341,744.3655286186181
12342,3802.312887746802
12343,738.492862649708
12344,8609.79420783672
12345,411.1275496750664
12346,1491.3974038225192
12347,4700.392610060007
12348,1905.8452447829125
12349,1943.353695258895
12350,3130.232568770092
12351,1913.877575703702
12352,1935.3123025943898
12353,2424.024237716097
12354,3994.448425015208
12355,856.7520648775499
12356,722.1223693401074
12357,986.2411370716457
12358,635.9166193545326
12359,1346.2295180893223
12360,2701.633592394889
12361,5497.936036136684
12362,2580.59383365385
12363,17475.265987468614
12364,2141.9835461129533
12365,4523.309205537709
12366,4672.609776640675
12367,4267.710612638165
12368,1663.2683757504847
12369,729.2210490167894
12370,2584.953965163924
12371,2842.5171315338157
12372,519.5905822216646
12373,7329.085280649156
12374,644.410946469082
12375,3356.3129474515295
12376,5282.307985645512
12377,925.2857196489791
12378,3709.8720037720695
12379,1721.8932070312637
12380,7314.300750641492
12381,5103.955972338572
12382,630.7649419654218
12383,682.3751434101823
12384,4699.2185677791085
12385,6048.409177134414
12386,519.5692303245377
12387,18000.0
12388,3302.722741079954
12389,4430.207966540932
12390,10289.804667014105
12391,604.2667707996849
12392,18000.0
12393,1914.4125021706498
12394,947.3291539707433
12395,16037.789284179746
12396,9173.927543476993
12397,712.5840622068856
12398,884.6267017336284
12399,6671.725037318928
12400,872.9159841297276
12401,4139.424593772246
12402,5688.021046493581
12403,2906.910998996056
12404,1850.8867893934141
12405,2926.2267941081645
12406,3849.245342740163
12407,2006.1747674983735
12408,1170.7217828374958
12409,684.8776778820775
12410,7655.30446624908
12411,5555.922900138077
12412,596.0831074855865
12413,2421.04987544179
12414,586.8093615674869
12415,931.8363830416474
12416,1993.5705143945452
12417,14097.335329493735
12418,623.4384782531911
12419,680.5711585516923
12420,1879.0437413805878
12421,5102.829976573628
12422,420.6918610067407
12423,2480.920195380679
12424,12059.50090008303
12425,12449.625658565818
12426,5912.297046577206
12427,1728.1192544355854
12428,1043.5075142185772
12429,577.6129565015485
12430,5692.556976406319
12431,4637.71041922483
12432,678.6342811944423
12433,4248.25329289172
12434,4951.277413116813
12435,557.5059860625369
12436,2727.389788589593
12437,3733.3973273207494
12438,1011.6341200572683
12439,2664.115909067093
12440,1126.7507419103713
12441,2755.357077173291
12442,4442.799665007357
12443,2360.7706490418764
12444,531.9108814714062
12445,1271.60239124669
12446,4358.911095790271
12447,505.8323088601252
12448,6508.005691662466
12449,2304.445954799957
12450,9720.434359659057
12451,16093.117212582107
12452,2129.839737232152
12453,528.8075308660871
12454,2272.166094811807
12455,3001.3400132957886
12456,2790.246505608028
12457,3331.7546768087404
12458,8350.488057048928
12459,2741.7617343265033
12460,1009.7815145837437
12461,7123.734372054912
12462,10136.062221239796
12463,2839.2196826601967
12464,1832.0023352857636
12465,1192.9966156445746
12466,679.3595493827589
12467,578.9185779219538
12468,734.5970461584342
12469,663.3823343360244
12470,4937.153171382893
12471,3977.436418029842
12472,7237.43251094837
12473,8128.323344894344
12474,3044.3571502948917
12475,5698.240011696237
12476,1074.456413941382
12477,2032.9134624394135
12478,3583.07534717949
12479,899.9810707920261
12480,7975.4410785485925
12481,932.903878252158
12482,10540.553156599304
12483,909.808647157473
12484,5404.689597154886
12485,4798.065447717964
12486,4482.698351154157
12487,858.0418164249695
12488,536.2939508247632
12489,4819.788792385294
12490,496.61879134148336
12491,1703.7130176335083
12492,8186.766295911769
12493,1682.2118707485004
12494,1730.4010589527963
12495,1336.0724353966477
12496,4382.290068104002
12497,2682.752827074199
12498,1031.3927564028354
12499,1961.970566779658
12500,865.5455269769718
12501,8032.117491489617
12502,5002.722002537691
12503,952.8866582009052
12504,1159.1052699738063
12505,7548.916430751109
12506,1412.1979961457832
12507,569.4501712831067
12508,4322.471319657517
12509,1038.0813104790702
12510,7841.930636536196
12511,1089.447636888902
12512,3576.322696122573
12513,1046.0481221124614
12514,15734.393032751515
12515,3038.5689894453058
12516,1542.9359211383824
12517,846.4038076379456
12518,6799.605668243594
12519,782.578140676903
12520,11761.402999402711
12521,7377.176374081613
12522,5715.306542510972
12523,617.8114501301422
12524,7561.191110857955
12525,8353.894439654225
12526,6725.990888170708
12527,708.8909129681863
12528,15429.923270982326
12529,1094.5832560314875
12530,4903.726136657142
12531,741.3166167836965
12532,1558.404466123062
12533,3770.5077338271317
12534,530.498988650192
12535,1529.8936797780457
12536,1026.3297105546415
12537,539.2603293570704
12538,5306.718584782051
12539,635.847953407593
12540,5002.722002537691
12541,1591.1665746420747
12542,561.8045138661142
12543,16225.78259143221
12544,7274.341287283463
12545,1330.063833679772
12546,5776.628248574018
12547,509.06562073464136
12548,6510.117931969248
12549,1109.2935735076246
12550,924.4631718612269
12551,5328.304421032432
12552,532.2804027235244
12553,536.0978954391421
12554,4000.5870217589904
12555,994.1224464689715
12556,1173.5563364854806
12557,14325.80305239577
12558,5176.523853896176
12559,15531.175411910233
12560,718.344729418397
12561,535.6003316950271
12562,1617.2816806832668
12563,1049.2267652935416
12564,1834.20820744556
12565,3263.900304224983
12566,8607.549914888621
12567,807.014973542053
12568,3773.501280492647
12569,439.43917804936933
12570,4492.565112220223
12571,4000.437476156508
12572,16975.182311627137
12573,2702.8912866673545
12574,898.9457003543162
12575,580.3790270008926
12576,2382.3948076076767
12577,656.2481294651886
12578,2689.502383974659
12579,8858.167147268769
12580,7400.936788188181
12581,1151.3118751773582
12582,994.1717174453039
12583,6370.1290376842735
12584,759.7900047165085
12585,942.42272437832
12586,4685.327449544656
12587,2115.702959348492
12588,9537.139570971718
12589,5053.134173603979
12590,9134.500070028422
12591,718.0362829929251
12592,806.2002414891062
12593,432.41057535136696
12594,461.5189611467364
12595,2543.350692818559
12596,3847.9367620372186
12597,392.4538631919843
12598,806.868742978619
12599,890.0731192251877
12600,2866.434382108731
12601,3025.2482411166066
12602,922.9757076121521
12603,1112.6242524268835
12604,1161.3416817718526
12605,7416.1059915387605
12606,17316.24458701
12607,1105.320404890958
12608,1912.3826305724137
12609,1516.9406033801527
12610,708.5251363869689
12611,1700.1481491371135
12612,512.4049094134681
12613,1149.0846956520961
12614,917.0967557375438
12615,2000.956235676276
12616,2647.6704828571947
12617,2663.880414122677
12618,1799.0439107155514
12619,8900.557996736614
12620,798.4269799551947
12621,5177.729233061812
12622,8591.685420880662
12623,847.0022759244606
12624,699.1492289360168
12625,744.0946058403525
12626,5725.428791474857
12627,933.6460091240903
12628,7516.168304928594
12629,2898.9744820648543
12630,573.2312164013973
12631,1039.4557454893798
12632,451.45879048426707
12633,1291.3915197500664
12634,6826.325921201077
12635,5012.370104123307
12636,3827.792393164744
12637,4296.338343804063
12638,16335.538484220908
12639,6906.3200205836665
12640,1962.9481870977072
12641,534.7859061450313
12642,12324.161958513783
12643,975.2006773677869
12644,2136.774990956332
12645,4229.509148913551
12646,9401.6907172071
12647,1420.4088348043467
12648,3107.6906435914434
12649,1127.4750343222179
12650,1720.241256439105
12651,2740.184094757098
12652,894.1092997812553
12653,2320.7427043242037
12654,946.809760805738
12655,5301.47340742103
12656,5994.622675829835
12657,1525.1952083595943
12658,11524.659104344519
12659,6682.754334785443
12660,3725.915873247674
12661,7624.601325663131
12662,2057.9610226616455
12663,5681.555484390119
12664,2683.977030876546
12665,5417.7783081276075
12666,4855.219276092655
12667,9781.706162520153
12668,401.7430589695515
12669,1641.313796331243
12670,4392.320478179852
12671,3869.150587571727
12672,877.5259721564919
12673,2611.9694651570403
12674,13976.771212159174
12675,2350.0763041221376
12676,9456.428848829375
12677,509.0968242816292
12678,1684.7307510070034
12679,1969.040916768857
12680,4262.149271639054
12681,458.36950356007054
12682,467.58532121924975
12683,3367.830304237585
12684,1703.9449355540687
12685,2826.110393814111
12686,919.7423674311531
12687,2221.2539665774875
12688,2436.7965639841723
12689,604.2667707996849
12690,1400.1276565024464
12691,11622.136842149093
12692,634.1409889539367
12693,1724.2716961761573
12694,2073.9995747468365
12695,7022.4270929588965
12696,2442.0872711867364
12697,1589.7751146573162
12698,647.7277390188796
12699,4635.06373039622
12700,538.2078800237807
12701,9184.800835394768
12702,958.2243903089097
12703,5725.879038472937
12704,720.8025332873437
12705,3238.1898058758525
12706,480.58213171578063
12707,3389.0062904688084
12708,3049.6751843385528
12709,4834.952868750797
12710,1120.8866110876897
12711,4161.503030056424
12712,1244.3667262398512
12713,10312.31569532017
12714,657.2928860844255
12715,1016.0079401624436
12716,2088.26939401159
12717,3254.309300063314
12718,1452.3818920087508
12719,6166.834889410261
12720,1147.5998523009196
12721,829.6800303057607
12722,15703.048926294034
12723,926.1982186839467
12724,2709.9716405039057
12725,5267.672261499883
12726,3959.2605213626953
12727,759.6110100977098
12728,2200.7935098362004
12729,2389.6228502552935
12730,774.5979722983147
12731,4094.881902548555
12732,3855.9777056614594
12733,7651.07299730706
12734,11822.210898141922
12735,9917.321838569927
12736,9221.284093358176
12737,13347.28942190002
12738,1226.8776469896898
12739,1034.7574816091894
12740,6814.809365798704
12741,545.1242478448416
12742,1549.4849679780712
12743,517.4006623093544
12744,4051.098252824518
12745,741.3939128482316
12746,1732.8245553886452
12747,10052.442539702368
12748,1287.6064741454775
12749,2600.6259155101156
12750,928.8869323857772
12751,7271.575396666363
12752,2183.491401750605
12753,12678.509325953812
12754,3569.3196406864886
12755,4137.668515361817
12756,5432.866645700595
12757,15668.299156598765
12758,11141.742684587012
12759,865.3442899680975
12760,914.285301505314
12761,1585.0496421097148
12762,2907.4659368274347
12763,964.2904617847902
12764,6087.789620669422
12765,16968.02077646021
12766,3964.540290791221
12767,935.4692667959874
12768,7481.102632065881
12769,714.121685181887
12770,1032.2153103065577
12771,737.0292829389704
12772,1600.6037011860953
12773,6078.338971198386
12774,1772.2101959194094
12775,7616.66186718459
12776,4091.578285681896
12777,876.398686449674
12778,801.0206421089688
12779,918.9631245762541
12780,719.1723119365482
12781,915.2350395019898
12782,17651.716397650096
12783,4217.544686505983
12784,1311.0014188003374
12785,1638.0406890192069
12786,797.3663490800759
12787,15244.712801200549
12788,17365.877936048084
12789,922.9351893247093
12790,4280.025416147275
12791,4949.279313902863
12792,4209.335130224524
12793,574.3950890133539
12794,765.1980986458794
12795,1726.9691095278076
12796,4628.465688429066
12797,920.178673115936
12798,1645.5476821220689
12799,9138.777575408414
12800,4215.20807654529
12801,5835.425526920436
12802,2301.038416256328
12803,1194.0162558149111
12804,4975.926812466828
12805,646.013438524229
12806,5581.26147210177
12807,3177.530843784516
12808,470.34489984055836
12809,477.61173063174454
12810,708.2172382014381
12811,1347.591570095984
12812,1729.9916148069633
12813,1832.2799098771013
12814,4804.124086042878
12815,1878.4088434620724
12816,2457.516938405292
12817,6656.6859041883645
12818,2465.765836568782
12819,17154.60635398919
12820,2227.0458799015723
12821,10729.381515045672
12822,5826.392311178718
12823,3892.5618298848253
12824,4119.781100944255
12825,2764.1802125586346
12826,828.6727601657299
12827,2225.042162203795
12828,4199.375090185701
12829,569.5919226846036
12830,729.9799745512379
12831,1077.2885501750666
12832,846.5843138506355
12833,3117.8623811275265
12834,2036.5602634322458
12835,3420.796508452355
12836,2770.848212839576
12837,3052.1680085716603
12838,1697.70634267383
12839,381.1926669060923
12840,2514.9591137809102
12841,927.867210451574
12842,13912.714550461094
12843,692.9948753610702
12844,717.6509984015871
12845,845.361335966792
12846,458.7819761742216
12847,2472.3333586041895
12848,1648.628101170314
12849,856.9906284341594
12850,496.37340263754936
12851,17271.79767378388
12852,1763.2281320776078
12853,2552.0794315264334
12854,3135.2803081486
12855,570.3480847897013
12856,3658.9124423117178
12857,1665.457673594199
12858,2652.8209808518277
12859,625.7310464741032
12860,5587.888364135102
12861,4275.874577903416
12862,900.4016084740086
12863,875.1450830562223
12864,1223.8682421475817
12865,3457.3964654375955
12866,1629.9222303147928
12867,890.1890466972909
12868,6738.171511314989
12869,6512.755088615428
12870,1797.1948986048576
12871,4452.915930730774
12872,1232.731221327339
12873,628.9350469550496
12874,8800.694491927075
12875,5090.152838751505
12876,3281.926407125916
12877,7556.339781210228
12878,687.4859821745116
12879,3213.5912923637757
12880,4482.88184501487
12881,5198.742307118716
12882,703.7191155520918
12883,5166.054113131611
12884,4410.343888432691
12885,2358.871026260074
12886,3478.2071881736365
12887,16624.19008961202
12888,1700.0671589925973
12889,9124.796663865012
12890,5304.423229032909
12891,5703.642270872235
12892,588.6559558291053
12893,3613.604594790384
12894,6512.025676690246
12895,750.8805744539847
12896,745.3593739413319
12897,2256.033914230151
12898,2157.868271328901
12899,8618.629918352222
12900,6381.78754290816
12901,5190.962744360795
12902,1982.869777571177
12903,7621.435838250988
12904,4691.484684882353
12905,7725.83451441751
12906,675.2361217061056
12907,711.104178283384
12908,412.35349953213137
12909,2398.176810045691
12910,631.4870485285172
12911,617.7342634548795
12912,2492.129283786596
12913,1994.0186230198294
12914,5506.613161324034
12915,13009.902755947456
12916,2128.891128152009
12917,3128.74627022561
12918,9276.840981299283
12919,487.84654677453307
12920,16224.232803406629
12921,538.3568685470501
12922,1487.1883982961315
12923,968.5978640208157
12924,1837.1613317089773
12925,3727.6980684706305
12926,5201.8846414986665
12927,801.3278931444787
12928,784.0042145201285
12929,1806.0621162703894
12930,1799.8693830818029
12931,872.8686768151329
12932,836.8706400461498
12933,830.2749515096909
12934,1818.374928004662
12935,4057.052328768975
12936,906.6803654488026
12937,8557.013249180685
12938,1772.390534276827
12939,5030.63055081702
12940,4698.297704779619
12941,4235.081090322287
12942,4627.504771310753
12943,1346.7648475347887
12944,828.9350322206795
12945,436.01742187862266
12946,2389.7488933690297
12947,1574.4047281062828
12948,5125.760785343542
12949,3943.5214850219263
12950,713.706527204132
12951,2543.512934117666
12952,5916.586871790825
12953,801.4250752052772
12954,15330.543113443131
12955,1318.9255917225776
12956,1745.1245174127196
12957,915.7809007628998
12958,1369.6144219186058
12959,1253.4901744201636
12960,3742.601359792101
12961,689.8661394009104
12962,3491.6924404303018
12963,816.216708154576
12964,8318.99108595243
12965,1905.2516219572833
12966,1883.8257975766658
12967,5793.493866560967
12968,680.5818732470292
12969,4658.693997987745
12970,11200.403835777473
12971,1958.602711857578
12972,16008.870265281905
12973,1145.5491160007662
12974,10637.612023888869
12975,1323.4961483426036
12976,1730.9100001351762
12977,789.1718307328192
12978,3640.3315946038356
12979,1080.4022417003494
12980,706.6355224291892
12981,1913.001797680459
12982,3027.7090899677587
12983,14190.129771651487
12984,903.4525682453412
12985,7122.20750804204
12986,7553.040120856109
12987,5037.944670421221
12988,595.7148577964219
12989,3495.3703910410295
12990,1092.7333488277186
12991,5285.845635271245
12992,657.0210495622512
12993,11473.840995713692
12994,721.9931506400085
12995,1130.5166771054583
12996,10944.20732797988
12997,5693.819684204129
12998,2637.407464692168
12999,491.03947257234154
13000,2258.5495809575114
13001,884.1663043263026
13002,743.9131886155899
13003,5312.176733659922
13004,862.3837646318376
13005,589.6029657081085
13006,641.2621492304032
13007,918.4778200481725
13008,4416.345438836219
13009,5309.016126441155
13010,870.5468487922607
13011,2403.3272391117894
13012,5213.120708394421
13013,1075.4682982423046
13014,1117.9878525371182
13015,5304.423229032909
13016,5131.028925285515
13017,5027.636749874872
13018,638.1191791278618
13019,2948.8350517178787
13020,5167.343971405033
13021,1906.0084154066035
13022,7405.205973493175
13023,530.2461908894076
13024,1265.670443117553
13025,5294.446929412353
13026,2095.4988946676735
13027,1893.6521601572897
13028,7942.434624319793
13029,1581.2409672924678
13030,737.9769018386218
13031,1698.9037428076156
13032,767.8903996020013
13033,4428.774354548454
13034,687.526208864445
13035,4694.538437526875
13036,3406.1982247409287
13037,1652.6493643405831
13038,1053.4941241504714
13039,10580.05589682827
13040,15880.150079681503
13041,3039.6404698004903
13042,612.4206939471454
13043,1509.885299481441
13044,1123.7314875873838
13045,9291.822515354064
13046,8617.618106296568
13047,3177.594679357283
13048,1711.6867477172952
13049,2823.4366828546727
13050,6642.820839096145
13051,3512.357059560264
13052,6428.729180909696
13053,2291.738211844611
13054,1190.827156717454
13055,6006.845650888244
13056,4084.657521141467
13057,1472.7818244549617
13058,10030.618036092192
13059,8698.335158571734
13060,4966.219743757234
13061,4342.922532392868
13062,7342.9627790207405
13063,4046.420805332373
13064,740.7898035168222
13065,3201.354287764969
13066,1547.780212559483
13067,11774.23584373934
13068,815.0796712512885
13069,8607.08798817668
13070,13652.059183099478
13071,455.48009101139786
13072,4060.106593689681
13073,6203.98861146193
13074,7339.970789015619
13075,1995.521501661856
13076,15671.704692413645
13077,935.5178177650723
13078,588.7661053413825
13079,5463.175667617808
13080,1752.607914175635
13081,497.96241316859636
13082,3649.5826536306836
13083,558.0229068267814
13084,747.8316069301692
13085,374.1460221941405
13086,2152.1685967980075
13087,10672.42715916437
13088,5124.41577834926
13089,9743.965008064722
13090,3525.5335393599375
13091,1012.951421826814
13092,3574.7997624322447
13093,589.6029657081085
13094,613.8781013301318
13095,16983.924129357572
13096,2432.936004964081
13097,1093.8289171827762
13098,10150.633128299402
13099,825.9250125880396
13100,3626.5737365517534
13101,717.1854808656394
13102,4571.395058935144
13103,13283.64085878256
13104,6275.024501418026
13105,13029.525687911038
13106,3698.7242382996587
13107,1660.3295761381726
13108,4867.002588822115
13109,6838.383238512645
13110,5022.566934682347
13111,920.9775530203605
13112,2300.1600105681055
13113,5965.1019548083395
13114,6262.349688076349
13115,431.47187950459426
13116,4762.524438376802
13117,5796.95575205775
13118,12179.977204196952
13119,4053.0408422484525
13120,4659.1313837551115
13121,1451.4235463376988
13122,4620.062902936425
13123,5866.25800483662
13124,4582.782354723786
13125,4467.463501852392
13126,1131.7009938171861
13127,2139.9600574864844
13128,405.7112804348679
13129,4616.490375018055
13130,14684.91316113594
13131,11095.196437886558
13132,1984.625875291128
13133,7473.3087360127865
13134,1481.4520245765352
13135,1071.1498926489114
13136,14543.833992835005
13137,684.4033901316093
13138,3712.563001208697
13139,702.2626421102104
13140,4451.094199951773
13141,1989.0968905812233
13142,3663.340926085498
13143,4581.146612697266
13144,3824.570243675587
13145,4336.823823089719
13146,633.6202432734926
13147,968.6099912385599
13148,1011.4847996386308
13149,800.5320056282404
13150,3075.267895572568
13151,809.6695491506526
13152,1790.7993492493931
13153,1279.040436893747
13154,567.7114825131425
13155,4205.7367921479145
13156,1318.956913785353
13157,13032.540189838219
13158,2201.9619921170934
13159,718.0873970416054
13160,1060.5971861567248
13161,1135.4154249879289
13162,2772.0058715936466
13163,2291.6009536117235
13164,7072.362925333999
13165,1918.5533806353742
13166,623.5302118805231
13167,366.36297918902653
13168,4383.542511350591
13169,3957.1076930176055
13170,9351.069506745249
13171,5161.100171484101
13172,1710.4845846529252
13173,780.6716219878291
13174,2616.900592657298
13175,5192.242341565043
13176,1276.5407317987097
13177,683.0145927067699
13178,8211.21352395813
13179,7100.06722024811
13180,10827.384229119449
13181,1528.3427997534438
13182,1964.9201494868196
13183,800.0761920038169
13184,15938.057355413714
13185,17560.801044612293
13186,826.4477664805553
13187,920.9084198098319
13188,10740.80837544491
13189,512.905627760395
13190,5491.444805643832
13191,4589.194256828227
13192,2724.154024037356
13193,6647.999583676934
13194,4334.975105735812
13195,4128.886179618108
13196,2055.082025331765
13197,2440.507962312419
13198,1079.824858351101
13199,1903.4054963518763
13200,2037.409806745902
13201,14121.63268899911
13202,713.8125323647656
13203,907.564781285698
13204,8462.666086351883
13205,711.2195155733713
13206,850.5004744690685
13207,1008.4037628385383
13208,804.5993026457965
13209,1599.340637225073
13210,9468.035498639181
13211,4542.354780067688
13212,4042.744115724421
13213,1638.782807516932
13214,656.5952290228315
13215,15648.207313588928
13216,2799.741209250394
13217,1136.7551759424985
13218,9712.7045142019
13219,1340.8945465283655
13220,3389.4168148589542
13221,5143.301371609936
13222,2704.263327810546
13223,1597.9997157888677
13224,9326.956368288114
13225,7686.716343334886
13226,12010.19019484731
13227,4813.405946861058
13228,3975.941179915782
13229,13577.91069214296
13230,8692.06346055465
13231,6173.532715464654
13232,553.8012437189938
13233,4159.240776495044
13234,3387.770185946356
13235,8673.95725895703
13236,5512.567615957333
13237,2490.779831773072
13238,12600.503451586566
13239,2537.9754068737475
13240,2411.761410252913
13241,1826.209577047687
13242,9142.221661599136
13243,2998.151587434536
13244,5022.928582299854
13245,867.0578237965011
13246,12324.988174254939
13247,3826.6948717190817
13248,783.8047494044743
13249,1596.6976176468024
13250,681.1936327945538
13251,1188.7617046576574
13252,1411.3736257870846
13253,3326.8429190255483
13254,450.5139799966173
13255,4139.786572446514
13256,1053.4804426296103
13257,6839.663277695344
13258,4097.084060666971
13259,1134.5528194545507
13260,542.0422399278765
13261,2274.0949954704006
13262,6516.62125648086
13263,1020.7976544587332
13264,609.7413678772109
13265,672.673244303923
13266,432.0229221994209
13267,2294.9110649769896
13268,8856.905206205605
13269,13847.693816489362
13270,1311.7173018925864
13271,661.9639059047568
13272,2113.5698487483014
13273,2701.390448958732
13274,13049.398497221035
13275,2720.165398116154
13276,7444.11770722401
13277,6256.04990438771
13278,706.6355224291892
13279,4957.855719075986
13280,10171.311174502936
13281,599.0200852042498
13282,1872.6503720363412
13283,2286.1348616872124
13284,9474.98265594058
13285,1728.7353321454295
13286,581.2192328724228
13287,4286.8367169458925
13288,5307.648998072163
13289,890.3236474085097
13290,3159.4867986115914
13291,412.0989210583947
13292,3205.7764377450058
13293,719.9051776960117
13294,3228.6525098788456
13295,3334.603956875872
13296,4673.110116934375
13297,566.0997339335569
13298,2695.7971792490844
13299,2842.3532694446576
13300,2622.3394683519377
13301,3886.9501799044933
13302,11488.473391888969
13303,3235.821537805185
13304,1033.298565523554
13305,642.2959282898032
13306,500.68329621612463
13307,4098.839072845129
13308,8063.9321022822
13309,2232.058168518397
13310,1637.9475671849698
13311,1021.6692683894437
13312,17125.378557770873
13313,2811.783706842158
13314,788.4228958686176
13315,4966.579106131004
13316,2046.7442502039592
13317,2263.460670427282
13318,3583.103626334612
13319,3858.1903563367446
13320,6588.221947639828
13321,794.2530116376063
13322,485.3917283908051
13323,458.5478043962728
13324,963.7536987362129
13325,10441.262414860445
13326,911.1999094008397
13327,4479.922427277709
13328,10793.033346583325
13329,1794.5041265670625
13330,773.386789240164
13331,5373.983199371551
13332,7186.499599175356
13333,9013.618745489131
13334,3779.8911735812967
13335,5612.408096714661
13336,4910.589371987802
13337,1392.1379127601665
13338,844.1842410112143
13339,1034.266718937003
13340,2489.1538661499567
13341,13903.978897833142
13342,2041.024803547218
13343,1320.5255061633563
13344,6172.023880890749
13345,1830.9813959955763
13346,13327.850384364983
13347,1293.9775702236589
13348,9270.570628576243
13349,562.711075684641
13350,8432.903989579334
13351,4645.278024713767
13352,877.6224105417733
13353,3032.1392062406258
13354,1709.5407283628565
13355,672.0814710371113
13356,2647.727262603911
13357,1060.1966468281187
13358,564.378540947183
13359,1324.0739165583348
13360,877.6189236374742
13361,4184.998487917523
13362,2359.0028791832106
13363,4515.805559138457
13364,1622.9221687662334
13365,582.0674388247593
13366,804.3688022657984
13367,573.2594952408249
13368,810.3908162783241
13369,2789.985943611162
13370,687.4105389802284
13371,1560.7962861648468
13372,6346.620067242082
13373,4548.462701274486
13374,767.9299877994007
13375,1944.4091250362524
13376,3248.538072803054
13377,1026.1595072722314
13378,4237.542116046115
13379,5472.401337866244
13380,4596.60422735967
13381,5876.151339384483
13382,942.3052854750944
13383,2799.250767054014
13384,3951.384670547252
13385,7906.858619174865
13386,1294.694748764213
13387,11788.856913665035
13388,480.58213171578063
13389,4395.811941914075
13390,4888.81945104722
13391,7727.809540953997
13392,399.63652355868345
13393,8131.96687999626
13394,512.2365612311074
13395,2679.409180749135
13396,5613.821417241708
13397,791.0444947580107
13398,9768.331951548902
13399,1067.8263040703534
13400,679.7736709957976
13401,4629.261805442307
13402,8086.7102727217625
13403,1007.69286449625
13404,3588.8479860108678
13405,2128.3460994496936
13406,887.083087126806
13407,2297.1170094731565
13408,1169.5292215639906
13409,11464.23786649472
13410,4238.194337909323
13411,1246.8905509562865
13412,4632.852845805245
13413,851.850535793809
13414,7978.698907970498
13415,1729.80997583741
13416,6802.486124860195
13417,712.2990486507051
13418,4069.1161995486564
13419,886.9823850993421
13420,7882.789455007676
13421,2499.8970006455756
13422,1667.7503365618495
13423,601.5773423650112
13424,7655.918309670403
13425,697.0338842695668
13426,1648.076111168192
13427,1165.1330063525777
13428,2848.780881347197
13429,1066.1672041042173
13430,674.824500039301
13431,948.8071601770722
13432,11271.962417477034
13433,478.56243169872477
13434,6356.463109173054
13435,383.2595234422892
13436,1327.4833874939113
13437,1058.6979508560805
13438,2821.2069211490034
13439,15456.974371768307
13440,2515.6717784441985
13441,1972.3261703854505
13442,1191.786751133278
13443,3773.6301354509887
13444,1790.2819571189325
13445,756.0681050953456
13446,3811.304133550987
13447,9133.027619491959
13448,11483.584976930639
13449,755.2035396294607
13450,2555.9769601430303
13451,2291.613452233557
13452,10696.993762768656
13453,2953.210999110351
13454,5610.809326142419
13455,816.2315585063521
13456,474.19012956916714
13457,1886.5721693693697
13458,1698.8513158247176
13459,3953.429852577512
13460,2245.38863193392
13461,1864.8893027659944
13462,2382.5028339227174
13463,800.1881952948912
13464,7652.718879480484
13465,1559.4784890035617
13466,7620.598992605186
13467,896.1861353108402
13468,650.867659979192
13469,1292.8349526167506
13470,1084.923547710538
13471,499.5676672992582
13472,799.6532359828141
13473,846.5843138506355
13474,778.5772107996239
13475,4813.783500978482
13476,4318.1945070341
13477,706.6955885848758
13478,7566.495531896638
13479,15702.797188996206
13480,1631.8390804934957
13481,2340.6039651065003
13482,2836.338920590345
13483,2257.963234241751
13484,809.9427343881435
